1.239840e+05 1.060600e+03 1.063600e+03
1.239840e+04 3.310100e+02 3.404900e+02
2.000065e+03 1.214500e+02 1.444400e+02
1.499927e+03 1.008560e+02 1.268900e+02
1.200232e+03 8.628400e+01 1.146600e+02
9.998710e+02 7.513700e+01 1.053300e+02
7.000791e+02 5.534700e+01 8.819200e+01
4.999355e+02 3.925900e+01 7.252800e+01
4.132800e+02 3.151800e+01 6.368500e+01
3.542400e+02 2.607700e+01 5.652300e+01
2.999855e+02 2.110000e+01 4.882300e+01
2.500182e+02 1.675700e+01 4.043300e+01
2.000065e+02 1.313600e+01 3.011600e+01
1.749951e+02 1.210500e+01 2.371300e+01
1.499927e+02 1.292600e+01 1.601900e+01
1.350000e+02 1.569800e+01 1.140600e+01
1.239840e+02 1.891900e+01 9.277000e+00
1.180800e+02 2.075300e+01 8.800100e+00
1.127127e+02 2.236100e+01 8.729800e+00
1.033200e+02 2.477000e+01 9.589600e+00
9.998710e+01 2.537300e+01 1.008900e+01
9.537231e+01 2.594100e+01 1.081100e+01
9.184000e+01 2.630800e+01 1.136200e+01
8.856000e+01 2.659400e+01 1.191300e+01
8.550621e+01 2.683100e+01 1.254200e+01
8.265601e+01 2.691900e+01 1.320000e+01
7.998968e+01 2.688500e+01 1.386100e+01
7.749000e+01 2.673200e+01 1.448900e+01
7.514182e+01 2.650500e+01 1.504500e+01
7.293176e+01 2.623400e+01 1.556900e+01
7.084800e+01 2.592200e+01 1.606000e+01
7.000790e+01 2.576800e+01 1.625000e+01
6.888000e+01 2.557000e+01 1.650700e+01
6.701838e+01 2.518200e+01 1.693100e+01
6.525474e+01 2.478100e+01 1.731800e+01
6.358154e+01 2.433700e+01 1.768200e+01
6.199200e+01 2.387200e+01 1.802000e+01
5.904000e+01 2.288100e+01 1.856600e+01
5.635637e+01 2.183900e+01 1.901600e+01
5.390609e+01 2.074700e+01 1.931700e+01
5.166000e+01 1.966400e+01 1.950600e+01
4.999355e+01 1.877100e+01 1.958400e+01
4.508509e+01 1.589100e+01 1.903500e+01
4.132800e+01 1.402100e+01 1.799800e+01
3.757091e+01 1.239900e+01 1.681400e+01
3.350919e+01 1.079220e+01 1.534300e+01
2.999855e+01 9.580200e+00 1.385400e+01
2.755200e+01 8.865400e+00 1.273800e+01
2.499677e+01 8.233700e+00 1.149100e+01
2.431059e+01 8.154400e+00 1.113600e+01
2.384308e+01 8.093700e+00 1.092200e+01
2.339321e+01 8.030000e+00 1.073200e+01
2.296000e+01 7.966100e+00 1.054800e+01
2.254255e+01 7.901000e+00 1.037100e+01
2.214000e+01 7.838700e+00 1.020000e+01
2.175158e+01 7.776000e+00 1.003400e+01
2.137655e+01 7.718100e+00 9.871500e+00
2.101424e+01 7.661700e+00 9.712100e+00
2.066400e+01 7.608000e+00 9.554300e+00
2.032525e+01 7.562100e+00 9.403800e+00
2.000065e+01 7.519600e+00 9.253900e+00
1.937250e+01 7.471300e+00 8.966100e+00
1.878546e+01 7.425900e+00 8.733500e+00
1.823294e+01 7.375500e+00 8.523500e+00
1.771200e+01 7.323600e+00 8.327700e+00
1.722000e+01 7.273200e+00 8.146800e+00
1.675459e+01 7.222200e+00 7.973600e+00
1.631368e+01 7.176700e+00 7.811700e+00
1.589538e+01 7.129900e+00 7.664300e+00
1.549800e+01 7.083800e+00 7.527200e+00
1.512000e+01 7.036100e+00 7.398400e+00
1.499928e+01 7.020800e+00 7.357100e+00
1.476000e+01 6.988900e+00 7.274800e+00
1.441674e+01 6.939100e+00 7.153200e+00
1.408909e+01 6.891800e+00 7.037500e+00
1.377600e+01 6.846000e+00 6.925600e+00
1.347652e+01 6.801700e+00 6.817400e+00
1.318979e+01 6.760100e+00 6.711800e+00
1.291500e+01 6.721000e+00 6.609700e+00
1.265143e+01 6.684600e+00 6.511200e+00
1.239840e+01 6.652800e+00 6.413100e+00
1.227564e+01 6.641400e+00 6.369100e+00
1.215529e+01 6.628100e+00 6.329300e+00
1.192154e+01 6.600200e+00 6.250200e+00
1.169660e+01 6.570100e+00 6.175600e+00
1.148000e+01 6.539700e+00 6.103500e+00
1.127127e+01 6.508000e+00 6.033900e+00
1.107000e+01 6.477100e+00 5.967600e+00
1.087579e+01 6.447000e+00 5.902700e+00
1.068828e+01 6.416600e+00 5.840200e+00
1.050712e+01 6.387000e+00 5.778900e+00
1.033200e+01 6.357200e+00 5.720000e+00
1.016262e+01 6.329200e+00 5.663200e+00
9.998710e+00 6.301100e+00 5.608800e+00
9.840000e+00 6.272800e+00 5.556600e+00
9.686250e+00 6.244400e+00 5.506700e+00
9.663602e+00 6.240000e+00 5.498900e+00
9.537231e+00 6.215700e+00 5.456900e+00
9.392728e+00 6.186900e+00 5.408400e+00
9.252538e+00 6.159000e+00 5.361100e+00
9.116470e+00 6.130900e+00 5.315000e+00
8.984348e+00 6.103600e+00 5.269000e+00
8.856000e+00 6.076300e+00 5.224200e+00
8.731268e+00 6.049700e+00 5.179500e+00
8.610001e+00 6.024100e+00 5.135900e+00
8.492055e+00 5.998400e+00 5.093500e+00
8.377297e+00 5.973500e+00 5.051200e+00
8.265600e+00 5.949500e+00 5.010000e+00
7.998968e+00 5.892700e+00 4.909400e+00
7.749001e+00 5.845400e+00 4.814400e+00
7.514182e+00 5.798800e+00 4.732900e+00
7.293177e+00 5.750800e+00 4.656100e+00
7.084800e+00 5.702300e+00 4.582700e+00
6.911037e+00 5.661900e+00 4.521400e+00
6.701838e+00 5.610300e+00 4.445200e+00
6.525474e+00 5.567800e+00 4.380000e+00
6.358154e+00 5.534000e+00 4.314800e+00
6.332176e+00 5.536700e+00 4.303000e+00
6.328944e+00 5.537800e+00 4.301900e+00
6.325715e+00 5.539900e+00 4.300800e+00
6.322489e+00 5.543000e+00 4.299700e+00
6.319266e+00 5.547100e+00 4.299500e+00
6.316047e+00 5.552300e+00 4.301300e+00
6.312831e+00 5.558500e+00 4.305100e+00
6.309618e+00 5.564800e+00 4.312000e+00
6.306409e+00 5.569100e+00 4.326900e+00
6.303203e+00 5.564600e+00 4.346000e+00
6.300000e+00 5.545900e+00 4.362300e+00
6.296801e+00 5.522900e+00 4.362600e+00
6.293604e+00 5.505800e+00 4.353800e+00
6.290411e+00 5.496600e+00 4.342900e+00
6.287221e+00 5.492500e+00 4.333800e+00
6.284035e+00 5.490500e+00 4.325700e+00
6.280851e+00 5.489500e+00 4.319600e+00
6.277671e+00 5.488500e+00 4.314600e+00
6.274494e+00 5.488500e+00 4.310400e+00
6.271320e+00 5.488500e+00 4.306300e+00
6.268150e+00 5.488600e+00 4.303200e+00
6.261818e+00 5.487700e+00 4.298100e+00
6.230352e+00 5.483400e+00 4.280200e+00
6.199200e+00 5.477100e+00 4.266500e+00
6.048000e+00 5.440900e+00 4.209000e+00
5.904000e+00 5.402400e+00 4.154800e+00
5.635636e+00 5.325900e+00 4.053000e+00
5.510400e+00 5.289800e+00 4.004300e+00
5.166000e+00 5.185800e+00 3.866300e+00
4.999355e+00 5.136500e+00 3.797000e+00
4.768616e+00 5.072700e+00 3.704500e+00
4.428000e+00 4.964200e+00 3.570300e+00
4.132800e+00 4.864400e+00 3.449200e+00
3.874500e+00 4.776600e+00 3.339900e+00
3.646588e+00 4.693200e+00 3.248300e+00
3.401482e+00 4.595900e+00 3.143700e+00
3.262737e+00 4.538400e+00 3.082800e+00
3.099600e+00 4.471400e+00 3.008500e+00
2.755200e+00 4.315300e+00 2.853100e+00
2.479680e+00 4.184800e+00 2.715800e+00
2.423930e+00 4.159700e+00 2.690200e+00
2.254255e+00 4.074300e+00 2.610400e+00
2.199858e+00 4.045100e+00 2.583800e+00
2.121924e+00 4.002200e+00 2.545000e+00
2.066400e+00 3.972000e+00 2.516500e+00
1.907446e+00 3.882200e+00 2.437000e+00
1.771200e+00 3.798100e+00 2.368800e+00
1.650040e+00 3.718600e+00 2.303700e+00
1.549800e+00 3.653800e+00 2.247900e+00
1.458635e+00 3.590900e+00 2.203200e+00
1.377600e+00 3.527800e+00 2.161700e+00
1.305095e+00 3.468600e+00 2.121200e+00
1.249965e+00 3.422200e+00 2.086800e+00
1.127127e+00 3.316400e+00 2.017000e+00
9.998710e-01 3.186600e+00 1.937300e+00
8.997388e-01 3.077500e+00 1.863700e+00
7.998968e-01 2.968300e+00 1.778200e+00
7.000791e-01 2.863000e+00 1.685800e+00
6.563473e-01 2.821300e+00 1.644600e+00
5.500621e-01 2.736000e+00 1.564100e+00
4.860212e-01 2.690400e+00 1.546900e+00
4.399716e-01 2.653700e+00 1.558700e+00
4.339657e-01 2.648800e+00 1.562700e+00
3.999484e-01 2.616000e+00 1.596600e+00
3.814892e-01 2.596100e+00 1.625600e+00
3.649809e-01 2.577100e+00 1.660600e+00
3.440177e-01 2.558300e+00 1.729500e+00
3.262737e-01 2.531400e+00 1.832500e+00
3.099600e-01 2.465400e+00 1.977400e+00
2.917271e-01 2.300500e+00 2.173400e+00
2.850207e-01 2.207600e+00 2.260400e+00
2.739978e-01 1.963740e+00 2.400400e+00
2.583000e-01 1.481900e+00 2.380500e+00
2.500181e-01 1.246830e+00 2.281500e+00
2.400000e-01 9.961795e-01 2.084500e+00
2.384308e-01 9.626290e-01 2.047500e+00
2.339321e-01 8.851500e-01 1.930600e+00
2.299833e-01 8.322400e-01 1.832600e+00
2.254255e-01 7.835400e-01 1.722600e+00
2.214000e-01 7.399300e-01 1.624600e+00
2.190143e-01 7.189300e-01 1.562600e+00
2.175158e-01 7.078200e-01 1.522600e+00
2.137655e-01 6.929000e-01 1.422600e+00
2.100000e-01 6.839800e-01 1.331600e+00
2.000065e-01 6.806200e-01 1.098600e+00
1.899847e-01 7.134200e-01 8.640800e-01
1.800000e-01 8.044300e-01 6.482600e-01
1.700041e-01 9.392150e-01 4.772900e-01
1.653120e-01 1.012557e+00 4.148200e-01
1.600000e-01 1.096955e+00 3.601600e-01
1.549800e-01 1.174450e+00 3.193200e-01
1.490013e-01 1.269310e+00 2.729800e-01
1.458635e-01 1.324540e+00 2.529700e-01
1.441674e-01 1.356250e+00 2.450600e-01
1.425104e-01 1.387370e+00 2.390600e-01
1.408909e-01 1.418080e+00 2.345500e-01
1.389955e-01 1.454500e+00 2.311500e-01
1.362461e-01 1.508120e+00 2.288400e-01
1.333161e-01 1.568340e+00 2.313400e-01
1.305095e-01 1.628360e+00 2.395400e-01
1.278186e-01 1.687780e+00 2.557300e-01
1.249965e-01 1.749800e+00 2.800300e-01
1.215529e-01 1.824820e+00 3.189300e-01
1.180013e-01 1.903330e+00 3.719300e-01
1.148000e-01 1.981550e+00 4.302300e-01
1.109973e-01 2.086900e+00 5.324300e-01
1.078122e-01 2.182900e+00 6.687400e-01
1.050000e-01 2.242900e+00 8.715400e-01
1.024661e-01 2.181900e+00 1.101000e+00
9.999516e-02 2.064900e+00 1.246100e+00
9.762520e-02 1.932220e+00 1.353100e+00
9.537231e-02 1.797630e+00 1.424100e+00
9.322105e-02 1.657630e+00 1.459100e+00
9.116471e-02 1.545630e+00 1.457100e+00
8.856000e-02 1.424940e+00 1.456100e+00
8.265600e-02 1.142850e+00 1.444100e+00
7.749000e-02 8.717500e-01 1.319100e+00
7.293177e-02 7.477500e-01 1.157100e+00
6.888000e-02 6.453500e-01 1.023100e+00
6.525474e-02 5.893500e-01 8.737800e-01
6.199200e-02 5.648400e-01 7.701800e-01
5.904000e-02 5.411400e-01 6.744700e-01
5.635637e-02 5.274400e-01 5.782700e-01
5.390609e-02 5.310300e-01 4.895600e-01
5.166000e-02 5.447300e-01 4.130600e-01
4.959360e-02 5.644300e-01 3.454500e-01
4.768616e-02 5.885300e-01 2.888400e-01
4.592000e-02 6.181300e-01 2.346300e-01
4.428000e-02 6.512400e-01 1.996200e-01
4.275310e-02 6.846400e-01 1.607100e-01
4.132800e-02 7.231500e-01 1.452100e-01
3.999484e-02 7.489500e-01 1.335100e-01
3.874500e-02 7.724600e-01 1.230100e-01
3.757091e-02 7.938600e-01 1.165100e-01
3.646588e-02 8.129600e-01 1.107100e-01
3.542400e-02 8.425700e-01 1.068000e-01
3.444000e-02 8.503700e-01 1.411100e-01
3.350919e-02 8.324700e-01 1.337000e-01
3.262737e-02 8.327700e-01 1.241000e-01
3.179077e-02 8.350700e-01 1.152000e-01
3.099600e-02 8.385700e-01 1.069000e-01
2.952000e-02 8.473800e-01 9.229300e-02
2.817818e-02 8.568800e-01 8.000200e-02
2.695304e-02 8.660800e-01 6.979200e-02
2.583000e-02 8.749800e-01 6.114100e-02
2.479680e-02 8.831800e-01 5.389100e-02
2.361600e-02 8.926900e-01 4.631100e-02
2.296000e-02 8.978900e-01 4.242100e-02
2.214000e-02 9.043270e-01 3.788100e-02
2.156243e-02 9.088380e-01 3.488000e-02
2.066400e-02 9.157590e-01 3.055000e-02
1.907446e-02 9.274410e-01 2.379000e-02
1.771200e-02 9.370420e-01 1.887000e-02
1.653120e-02 9.448930e-01 1.520000e-02
1.549800e-02 9.514540e-01 1.240000e-02
1.458635e-02 9.569350e-01 1.024000e-02
1.377600e-02 9.615650e-01 8.548000e-03
1.305095e-02 9.655260e-01 7.198000e-03
1.239840e-02 9.689260e-01 6.110000e-03
1.127127e-02 9.744070e-01 4.504000e-03
1.033200e-02 9.786270e-01 3.403000e-03
9.537231e-03 9.819280e-01 2.624000e-03
8.856000e-03 9.845580e-01 2.061000e-03
8.265601e-03 9.866980e-01 1.643000e-03
7.749000e-03 9.884590e-01 1.328000e-03
7.293177e-03 9.899290e-01 1.086000e-03
7.084800e-03 9.905848e-01 9.858000e-04
6.888000e-03 9.911859e-01 8.974000e-04
6.525474e-03 9.922540e-01 7.488000e-04
6.199200e-03 9.931861e-01 6.303000e-04
5.635636e-03 9.947452e-01 4.563000e-04
5.166000e-03 9.960774e-01 3.390000e-04
4.768616e-03 9.974255e-01 2.574000e-04
4.592000e-03 9.983255e-01 2.258000e-04
4.508509e-03 9.989975e-01 2.118000e-04
4.428000e-03 1.000219e+00 1.988000e-04
4.396596e-03 1.001311e+00 1.937000e-04
4.381060e-03 1.002392e+00 2.462000e-04
4.373333e-03 1.003364e+00 2.996000e-04
4.365634e-03 1.005530e+00 5.708000e-04
4.364097e-03 1.006062e+00 1.007000e-03
4.361027e-03 1.006989e+00 2.780000e-03
4.357961e-03 1.007249e+00 4.547000e-03
4.354900e-03 1.006916e+00 6.351000e-03
4.351843e-03 1.006054e+00 8.071000e-03
4.350316e-03 1.005440e+00 8.907000e-03
4.348790e-03 1.004645e+00 9.605000e-03
4.347265e-03 1.003614e+00 1.025000e-02
4.345742e-03 1.002492e+00 1.083000e-02
4.344219e-03 1.001324e+00 1.112000e-02
4.342697e-03 1.000098e+00 1.085000e-02
4.341177e-03 9.987956e-01 1.045000e-02
4.339657e-03 9.977656e-01 9.822000e-03
4.338139e-03 9.972106e-01 8.955000e-03
4.335105e-03 9.966236e-01 6.487000e-03
4.327539e-03 9.973816e-01 4.830000e-03
4.320000e-03 9.979246e-01 4.000000e-03
4.305000e-03 9.984356e-01 3.602000e-03
4.290104e-03 9.985756e-01 3.263000e-03
4.275310e-03 9.989966e-01 2.764000e-03
4.260619e-03 1.000334e+00 2.586000e-03
4.259155e-03 1.000579e+00 2.745000e-03
4.253311e-03 1.001031e+00 4.185000e-03
4.251852e-03 1.000834e+00 4.719000e-03
4.250394e-03 1.000549e+00 5.092000e-03
4.246028e-03 9.997197e-01 4.878000e-03
4.244574e-03 9.995756e-01 4.662000e-03
4.231536e-03 9.990595e-01 4.970000e-03
4.217143e-03 9.984466e-01 4.848000e-03
4.202847e-03 9.980276e-01 4.673000e-03
4.188649e-03 9.975906e-01 4.446000e-03
4.174545e-03 9.974686e-01 3.850000e-03
4.160537e-03 9.976066e-01 3.678000e-03
4.146622e-03 9.976236e-01 3.507000e-03
4.132800e-03 9.977876e-01 3.285000e-03
4.119070e-03 9.980146e-01 3.324000e-03
4.105431e-03 9.981906e-01 3.415000e-03
4.091881e-03 9.982206e-01 3.712000e-03
4.078421e-03 9.980666e-01 3.853000e-03
4.065049e-03 9.979656e-01 3.891000e-03
4.051765e-03 9.979436e-01 3.980000e-03
4.038567e-03 9.978126e-01 4.221000e-03
4.025455e-03 9.974646e-01 4.360000e-03
4.012427e-03 9.971216e-01 4.245000e-03
3.999484e-03 9.969176e-01 4.080000e-03
3.936000e-03 9.965326e-01 3.306000e-03
3.874500e-03 9.966456e-01 2.719000e-03
3.757091e-03 9.968937e-01 2.429000e-03
3.646588e-03 9.969797e-01 2.251000e-03
3.444000e-03 9.970837e-01 1.867000e-03
3.262737e-03 9.972397e-01 1.561000e-03
3.099600e-03 9.974098e-01 1.314000e-03
2.755200e-03 9.978148e-01 8.779000e-04
2.479680e-03 9.981719e-01 6.076000e-04
2.254255e-03 9.984589e-01 4.332000e-04
2.066400e-03 9.986909e-01 3.168000e-04
1.907446e-03 9.988769e-01 2.368000e-04
1.771200e-03 9.990284e-01 1.805000e-04
1.653120e-03 9.991526e-01 1.399000e-04
1.549800e-03 9.992551e-01 1.100000e-04
1.458635e-03 9.993403e-01 8.771000e-05
1.377600e-03 9.994123e-01 7.074000e-05
1.305095e-03 9.994734e-01 5.768000e-05
1.239840e-03 9.995256e-01 4.748000e-05
1.127127e-03 9.996092e-01 3.301000e-05
1.033200e-03 9.996729e-01 2.364000e-05
9.537231e-04 9.997224e-01 1.735000e-05
8.856000e-04 9.997613e-01 1.302000e-05
8.265600e-04 9.997928e-01 9.957000e-06
7.749000e-04 9.998184e-01 7.736000e-06
7.293177e-04 9.998395e-01 6.101000e-06
6.888000e-04 9.998571e-01 4.872000e-06
6.525474e-04 9.998719e-01 3.937000e-06
6.199200e-04 9.998848e-01 3.214000e-06
4.959360e-04 9.999269e-01 1.322000e-06
4.132800e-04 9.999494e-01 6.370000e-07
3.099600e-04 9.999717e-01 1.988000e-07
2.479680e-04 9.999819e-01 7.995000e-08
2.066400e-04 9.999875e-01 3.780000e-08
1.549800e-04 9.999930e-01 1.150000e-08
1.239840e-04 9.999955e-01 4.537000e-09
1.033200e-04 9.999969e-01 2.657000e-09
8.856000e-05 9.999977e-01 1.305000e-09
7.749000e-05 9.999982e-01 6.615000e-10
6.888000e-05 9.999986e-01 4.049000e-10
6.199200e-05 1.000000e+00 1.447100e-17
