   5.00000000000000D-002  0.722715789473684       0.370315789473684     
   5.56487558013544D-002  0.713017072862585       0.505770868101016     
   6.19356804447755D-002  0.730539120679856       0.536712117374389     
   6.89328711292406D-002  0.663668701434324       0.831879449685071     
   7.67205702431469D-002  0.968262461931094       0.984923000618428     
   8.53880855680308D-002  0.950912620266410        1.02670772990804     
   9.50348144424100D-002   1.06098561442721        1.46325957684096     
  0.105771383630654        1.76410193721742        1.92367531322242     
  0.117720917968673        2.63247705078317       0.795866022605094     
  0.131020452334999        2.23718944551669       0.324626240267679     
  0.145822503139467        1.99356275034978       0.208443072907308     
  0.162296817351009        1.80177323504347       0.212956695503717     
  0.180632319122066        1.72731738310284       0.244590765965124     
  0.201039276333123        1.60716511717515       0.279727131085996     
  0.223751711902859        1.52676197445648       0.418198864640451     
  0.249030087516345        1.55439517463378       0.631411314340808     
  0.277164290547740        1.73904133557617       0.803262067165519     
  0.308476958430936        1.98507781373384       0.802816195048467     
  0.343327178601354        2.13935174000347       0.694853638196285     
  0.382114606439095        2.22122165392480       0.622258631689478     
  0.425284048437196        2.32331438456571       0.523920998534069     
  0.473330563153858        2.36700000000000       0.385090516968633     
  0.526805138445332        2.35301386633836       0.285607341259193     
  0.586321010084860        2.32873999698959       0.215630990517221     
  0.652560694228316        2.30421863747501       0.166127956212511     
  0.726283814373477        2.28155147276822       0.130382356429152     
  0.808335812570917        2.26196004030733       0.104200050384162     
  0.899657644784966        2.24518857817622        8.41745269712878D-002
   1.00129657158920        2.23078390473513        6.94598137909177D-002
   1.11441816794202        2.21858321785061        5.79198752786630D-002
   1.24031968976797        2.20831202068214        4.92127367525296D-002
   1.38044495063018        2.19897219058561        4.23724800689367D-002
   1.53640087909664        2.19169995116130        3.71529760690359D-002
   1.70997594667670        2.18600000000000        3.30864690398044D-002
   1.90316067765603        2.18100000000000        2.99362760334853D-002
   2.11817047603241        2.17600000000000        2.75344998109148D-002
   2.35747103132732        2.17200000000000        2.57501716662085D-002
   2.62380659462202        2.16900000000000        2.44647736215119D-002
   2.92023144908208        2.16490495737994        2.36533470165957D-002
   3.25014493586808        2.16061770443600        2.32523540887200D-002
   3.61733043710263        2.15632546578327        2.32234906843346D-002
   4.02599876294262        2.15202176602299        2.36089116988507D-002
   4.48083644031097        2.14700000000000        2.43692693929655D-002
   4.98705945705351        2.14043755338503        2.56299914583958D-002
   5.55047307784811        2.13313323315862        2.73306887051029D-002
   6.17753841782323        2.12367497414582        2.98420041366681D-002
   6.87544653733861        2.11207730285219        3.33322203439970D-002
   7.65220090763248        2.09649543391744        3.85040296376564D-002
   8.51670919303484        2.07788466276697        4.63093986750090D-002
   9.47888540228692        2.05630485500391        5.75170286722045D-002
   10.5497635804178        2.03033530349652        7.30598067412322D-002
   11.7416243449738        2.03603408764922        9.43340208436909D-002
   13.0681357176937        1.97128304752817       0.123315257224649     
   14.5445098666579        1.93055386227474       0.162068513882105     
   16.1876775564007        1.88591656699619       0.213228255817497     
   18.0164823065441        1.83996946889181       0.279734071017436     
   20.0518964855259        1.79441776746969       0.365018887618975     
   22.3172618175414        1.75379107273688       0.470602971997183     
   24.8385570607850        1.72362918294523       0.598139655881712     
   27.6446959266726        1.71010184756874       0.745063818673226     
   30.7678586565220        1.71758266127826       0.906966404808709     
   34.2438610581476        1.74740247163962        1.07828340026201     
   38.1125652344073        1.80033055362266        1.25299713512213     
   42.4183367138545        1.87265992465698        1.42812257316200     
   47.2105532257783        1.96163046099654        1.60221911143598     
   52.5441709541636        2.06426237942617        1.77399876742477     
   58.4803547642573        2.17984217488222        1.94426326232333     
   65.0871796290546        2.30478447946860        2.11427893642167     
   72.4404112995229        2.44000734463434        2.28400930320349     
   80.6243751711365        2.58372043305181        2.45560551424903     
   89.7329233107071        2.73495116143885        2.62912188631401     
   99.8705107331839        2.89495543262922        2.80684184555307     
   111.153393270950        3.06370344011388        2.98989835801462     
   123.710960772540        3.24047947696720        3.17747947696720     
   137.687220919640        3.42682961226187        3.37262109287496     
   153.242450678484        3.62174106384814        3.57482020311396     
   170.555034324161        3.82730537756577        3.78606041188993     
   189.823509115937        4.04326867561071        4.00626867561071     
   211.268842082979        4.27067543836436        4.23767543836436     
   235.136964030212        4.50909669066130        4.47936964030212     
   261.701589823782        4.76031430841404        4.73388150502197     
   291.267357298598        5.02519798838162        5.00019798838162     
   324.173320784310        5.30364854689981        5.28080349846314     
   360.796839312804        5.59690373745775        5.57590373745775     
   401.557904096374        5.90655842158190        5.88731013986371     
   446.923954903256        6.23255045702254        6.21455045702254     
   497.415240563737        6.57576827042491        6.55876827042491     
   553.610785080067        6.93869240675042        6.92269240675042     
   616.155027758334        7.32036776983803        7.30536776983803     
   685.765213510006        7.72362463391776        7.70962463391776     
   763.239618073639        8.14777977834785        8.13477977834785     
   849.466702481980        8.59674932181619        8.58458094062876     
   945.435301756029        9.06937024690950        9.05749275165776     
   1052.24596466802        9.54599418550247        9.53540797354264     
   1171.12357461543        10.0442815753580        10.0346368740690     
   1303.43139633966        10.5988630408973        10.5902662175563     
   1450.68670957448        11.2160984118524        11.2086678505922     
   1614.57820890761        11.8277995950257        11.8209818767510     
   1796.98536939376        12.4725541851961        12.4660903368127     
   2000.00000000000        13.1901500000000        13.1840800000000     
