   5.00000000000000D-002  0.555189473684210       0.361563157894737     
   5.56487558013544D-002  0.520100000000000       0.559903342550790     
   6.19356804447755D-002  0.564619068046243       0.783248069806582     
   6.89328711292406D-002  0.636482551126969        1.03998971662747     
   7.67205702431469D-002  0.842922166437056        1.33820514631055     
   8.53880855680308D-002   1.32834582438315        1.51325853168410     
   9.50348144424100D-002   1.78875373085870        1.41825518759544     
  0.105771383630654        2.25053590153894       0.813939676564005     
  0.117720917968673        1.92596090541467       0.373559991630663     
  0.131020452334999        1.63184610894136       0.235562281127004     
  0.145822503139467        1.34056156058263       0.250201338488049     
  0.162296817351009        1.07710894845915       0.376183460460249     
  0.180632319122066       0.811300383283252       0.649676637763028     
  0.201039276333123       0.686359173319106        1.11180878187903     
  0.223751711902859       0.768654381756723        1.67334983145499     
  0.249030087516345        1.22383613492013        2.25958069853513     
  0.277164290547740        2.04535055971266        2.36480575372643     
  0.308476958430936        2.46026398879240        1.98837985613894     
  0.343327178601354        2.56154069600139        1.72970204199410     
  0.382114606439095        2.60117568913534        1.62151889738346     
  0.425284048437196        2.64465719228285        1.56707424617372     
  0.473330563153858        2.68509671344730        1.54500000000000     
  0.526805138445332        2.72264355610273        1.55165742244109     
  0.586321010084860        2.76878000903122        1.58515000752602     
  0.652560694228316        2.82256272504999        1.63948984589165     
  0.726283814373477        2.89379410892712        1.70879410892712     
  0.808335812570917        2.98119979846335        1.78367981861702     
  0.899657644784966        3.08173706188540        1.86149137459026     
   1.00129657158920        3.19229657158920        1.93586438105947     
   1.11441816794202        3.30741816794202        2.00833425719509     
   1.24031968976797        3.41725575181438        2.07950383454292     
   1.38044495063018        3.53336152238702        2.16122247531509     
   1.53640087909664        3.64830053722572        2.23870043954832     
   1.70997594667670        3.76178436533985        2.33398797333835     
   1.90316067765603        3.88286137188230        2.43303654543887     
   2.11817047603241        4.00389546657815        2.54148182849556     
   2.35747103132732        4.13048605212056        2.65548605212056     
   2.62380659462202        4.25710974415694        2.78690329731101     
   2.92023144908208        4.39452068192098        2.92752068192098     
   3.25014493586808        4.53611672902404        3.07511672902403     
   3.61733043710263        4.68479254746767        3.23346708168440     
   4.02599876294262        4.83365174363222        3.40156467954027     
   4.48083644031097        4.98452345164013        3.58958779320251     
   4.98705945705351        5.13699914583958        3.78893627214440     
   5.55047307784811        5.30460180314478        4.01766917103442     
   6.17753841782323        5.47643769390632        4.25487538781263     
   6.87544653733861        5.65776562290422        4.50391776006938     
   7.65220090763248        5.83154109474301        4.77656849123835     
   8.51670919303484        6.00921104094678        5.09801840157797     
   9.47888540228692        6.21129902245895        5.43151260992963     
   10.5497635804178        6.40129393006963        5.78658786013927     
   11.7416243449738        6.58386330396073        6.18236765127748     
   13.0681357176937        6.75159323859508        6.65823733460565     
   14.5445098666579        6.96789850980263        7.18880048313421     
   16.1876775564007        7.17259763751586        7.75577220380235     
   18.0164823065441        7.36564823065441        8.42683628528781     
   20.0518964855259        7.54096176134435        9.26140401717944     
   22.3172618175414        7.88052974815076        10.2592261535752     
   24.8385570607850        8.22744584820160        11.3844260659233     
   27.6446959266726        8.90846420506411        12.7590762156278     
   30.7678586565220        9.84520458330444        14.1695925286958     
   34.2438610581476        11.0868092862239        15.5964478968053     
   38.1125652344073        12.6499713512213        16.9594525745841     
   42.4183367138545        14.5616343088267        18.3009533468156     
   47.2105532257783        17.1363218768165        19.3260704105536     
   52.5441709541636        20.1415594856542        19.3947400857243     
   58.4803547642573        22.7308786433796        18.6215782511778     
   65.0871796290546        24.8027893642167        17.3011884635956     
   72.4404112995229        26.2500587570747        15.6199069679651     
   80.6243751711365        27.0159005413148        13.6321437748802     
   89.7329233107071        26.6473173806178        11.6246347612357     
   99.8705107331839        25.5870380614232        10.0051271961647     
   111.153393270950        23.0817787347442        8.65394050065104     
   123.710960772540        19.3861912452052        9.00504402495072     
   137.687220919640        15.4592373670245        11.7024218574992     
   153.242450678484        12.9381291101263        16.4643179888617     
   170.555034324161        12.2700000000000        21.7514096107651     
   189.823509115937        12.7677861483780        26.9060452012409     
   211.268842082979        13.9579228055319        31.8831192933245     
   235.136964030212        15.6545899281639        36.7519338132260     
   261.701589823782        17.7917991519818        41.5949422361222     
   291.267357298598        20.3406688453271        46.4318259985670     
   324.173320784310        23.2726835315312        51.2705748129300     
   360.796839312804        26.6016187949680        56.1248467720615     
   401.557904096374        30.3057216783646        60.9808935065466     
   446.923954903256        34.3493807127818        65.8323954903256     
   497.415240563737        38.7246434870581        70.6647237005515     
   553.610785080067        43.4240012877554        75.5040012877554     
   616.155027758334        48.3955303193076        80.3474104837090     
   685.765213510006        53.6269397260511        85.2051345772536     
   763.239618073639        59.1116098891954        90.1094315430714     
   849.466702481980        64.8339198519224        95.0790741587906     
   945.435301756029        70.7696280863687        100.161252374130     
   1052.24596466802        76.7897879798461        105.407430133119     
   1171.12357461543        83.1830258428178        111.112699491803     
   1303.43139633966        90.2985404951469        117.462522318250     
   1450.68670957448        98.2179312409155        124.529717115266     
   1614.57820890761        105.583885008310        130.914978605375     
   1796.98536939376        113.088334479303        137.312508463673     
   2000.00000000000        121.440600000000        144.432800000000     
