1.239840e+05 1.515100e+02 1.515600e+02
1.239840e+04 4.783600e+01 4.800200e+01
2.000065e+03 1.903400e+01 1.944600e+01
1.499927e+03 1.642000e+01 1.689500e+01
1.239840e+03 1.487900e+01 1.540200e+01
1.200232e+03 1.463000e+01 1.516200e+01
9.998710e+02 1.329900e+01 1.388100e+01
7.000791e+02 1.100900e+01 1.170300e+01
4.999355e+02 9.163600e+00 9.980000e+00
4.132800e+02 8.235000e+00 9.128500e+00
3.542400e+02 7.535800e+00 8.495400e+00
2.999855e+02 6.829300e+00 7.863400e+00
2.500182e+02 6.105900e+00 7.223900e+00
2.000065e+02 5.283700e+00 6.504400e+00
1.749951e+02 4.821800e+00 6.101200e+00
1.499927e+02 4.314700e+00 5.655600e+00
1.350000e+02 3.983600e+00 5.360500e+00
1.239840e+02 3.725100e+00 5.126000e+00
1.180800e+02 3.580500e+00 4.992800e+00
1.127127e+02 3.445200e+00 4.866400e+00
1.033200e+02 3.199000e+00 4.631000e+00
9.998710e+01 3.108500e+00 4.542500e+00
9.537231e+01 2.980500e+00 4.415100e+00
9.184000e+01 2.880400e+00 4.313200e+00
8.856000e+01 2.785600e+00 4.214900e+00
8.550621e+01 2.695900e+00 4.120000e+00
8.265601e+01 2.610800e+00 4.028000e+00
7.998968e+01 2.530100e+00 3.938900e+00
7.749000e+01 2.453500e+00 3.852400e+00
7.514182e+01 2.380700e+00 3.768300e+00
7.293176e+01 2.311500e+00 3.686400e+00
7.084800e+01 2.245600e+00 3.606700e+00
7.000790e+01 2.218900e+00 3.573800e+00
6.888000e+01 2.182900e+00 3.529000e+00
6.701838e+01 2.123200e+00 3.453100e+00
6.525474e+01 2.066400e+00 3.379100e+00
6.358154e+01 2.012200e+00 3.306700e+00
6.199200e+01 1.960590e+00 3.235900e+00
5.904000e+01 1.864470e+00 3.098700e+00
5.635637e+01 1.777080e+00 2.967100e+00
5.390609e+01 1.697620e+00 2.840400e+00
5.166000e+01 1.625410e+00 2.718400e+00
4.999355e+01 1.572450e+00 2.623800e+00
4.508509e+01 1.421720e+00 2.322300e+00
4.132800e+01 1.315630e+00 2.064000e+00
3.757091e+01 1.224730e+00 1.776200e+00
3.350919e+01 1.158860e+00 1.424300e+00
2.999855e+01 1.154940e+00 1.084300e+00
2.755200e+01 1.201700e+00 8.384600e-01
2.499677e+01 1.303090e+00 6.001500e-01
2.431059e+01 1.337970e+00 5.432400e-01
2.384308e+01 1.363050e+00 5.066000e-01
2.339321e+01 1.387980e+00 4.730500e-01
2.296000e+01 1.412560e+00 4.423400e-01
2.254255e+01 1.436640e+00 4.142300e-01
2.214000e+01 1.460120e+00 3.884900e-01
2.175158e+01 1.482910e+00 3.648900e-01
2.137655e+01 1.504980e+00 3.432300e-01
2.101424e+01 1.526280e+00 3.233300e-01
2.066400e+01 1.546820e+00 3.050100e-01
2.032525e+01 1.566580e+00 2.881300e-01
2.000065e+01 1.585400e+00 2.727000e-01
1.937250e+01 1.621380e+00 2.448000e-01
1.878546e+01 1.654370e+00 2.209500e-01
1.823294e+01 1.684760e+00 2.003100e-01
1.771200e+01 1.714020e+00 1.822300e-01
1.722000e+01 1.739830e+00 1.665400e-01
1.675459e+01 1.763660e+00 1.527700e-01
1.631368e+01 1.785700e+00 1.406100e-01
1.589538e+01 1.806100e+00 1.298300e-01
1.549800e+01 1.825020e+00 1.202400e-01
1.512000e+01 1.842590e+00 1.116800e-01
1.499928e+01 1.848110e+00 1.090600e-01
1.476000e+01 1.858930e+00 1.040200e-01
1.441674e+01 1.874160e+00 9.713000e-02
1.408909e+01 1.888370e+00 9.092500e-02
1.377600e+01 1.902790e+00 8.527200e-02
1.347652e+01 1.915210e+00 8.020000e-02
1.318979e+01 1.927970e+00 7.555600e-02
1.291500e+01 1.938880e+00 7.137400e-02
1.265143e+01 1.950250e+00 6.753100e-02
1.239840e+01 1.961000e+00 6.402900e-02
1.227564e+01 1.966720e+00 6.238400e-02
1.215529e+01 1.973410e+00 6.078900e-02
1.192154e+01 1.987480e+00 5.785200e-02
1.169660e+01 2.014300e+00 5.558200e-02
1.165263e+01 2.025700e+00 5.568700e-02
1.163077e+01 2.036400e+00 5.605600e-02
1.161987e+01 2.042300e+00 5.646000e-02
1.160899e+01 2.050300e+00 5.706900e-02
1.159813e+01 2.059500e+00 5.806000e-02
1.158729e+01 2.071900e+00 5.970200e-02
1.157647e+01 2.089900e+00 6.252600e-02
1.156567e+01 2.115500e+00 6.791000e-02
1.155489e+01 2.157400e+00 7.964100e-02
1.154413e+01 2.232200e+00 1.121100e-01
1.153340e+01 2.394800e+00 2.527500e-01
1.152482e+01 2.363000e+00 8.425000e-01
1.152375e+01 2.248700e+00 9.332500e-01
1.152268e+01 2.103700e+00 9.867000e-01
1.151733e+01 1.551060e+00 6.792400e-01
1.151198e+01 1.562480e+00 3.271600e-01
1.150130e+01 1.728300e+00 1.345300e-01
1.149064e+01 1.809690e+00 9.124500e-02
1.148000e+01 1.853180e+00 7.532200e-02
1.146938e+01 1.880080e+00 6.770300e-02
1.145878e+01 1.898130e+00 6.340900e-02
1.144820e+01 1.910640e+00 6.075100e-02
1.143764e+01 1.920940e+00 5.892300e-02
1.142710e+01 1.929040e+00 5.760900e-02
1.141658e+01 1.934920e+00 5.664000e-02
1.139559e+01 1.945580e+00 5.523400e-02
1.135385e+01 1.958050e+00 5.357700e-02
1.127127e+01 1.971920e+00 5.174700e-02
1.107000e+01 1.989770e+00 4.900100e-02
1.087579e+01 1.999570e+00 4.689700e-02
1.068828e+01 2.007900e+00 4.502500e-02
1.050712e+01 2.014900e+00 4.333400e-02
1.033200e+01 2.021500e+00 4.177400e-02
1.016262e+01 2.026800e+00 4.034800e-02
9.998710e+00 2.032900e+00 3.901300e-02
9.840000e+00 2.037700e+00 3.779600e-02
9.686250e+00 2.042300e+00 3.665500e-02
9.663602e+00 2.043000e+00 3.649900e-02
9.537231e+00 2.046700e+00 3.560500e-02
9.392728e+00 2.050800e+00 3.462900e-02
9.252538e+00 2.055900e+00 3.371000e-02
9.116470e+00 2.059700e+00 3.286700e-02
8.984348e+00 2.063300e+00 3.208200e-02
8.856000e+00 2.066800e+00 3.135200e-02
8.731268e+00 2.070200e+00 3.067300e-02
8.610001e+00 2.073400e+00 3.004100e-02
8.492055e+00 2.075400e+00 2.946200e-02
8.377297e+00 2.079400e+00 2.890400e-02
8.265600e+00 2.082200e+00 2.839400e-02
7.998968e+00 2.088800e+00 2.725900e-02
7.749001e+00 2.094800e+00 2.634300e-02
7.514182e+00 2.100300e+00 2.562700e-02
7.293177e+00 2.105200e+00 2.502600e-02
7.084800e+00 2.109800e+00 2.452200e-02
6.911037e+00 2.113500e+00 2.415200e-02
6.701838e+00 2.116800e+00 2.376500e-02
6.525474e+00 2.120300e+00 2.347200e-02
6.358154e+00 2.123600e+00 2.324600e-02
6.199200e+00 2.126600e+00 2.303800e-02
5.904000e+00 2.131000e+00 2.264800e-02
5.635636e+00 2.135700e+00 2.235600e-02
5.510400e+00 2.137900e+00 2.225000e-02
5.166000e+00 2.142400e+00 2.201100e-02
4.999355e+00 2.145000e+00 2.192700e-02
4.768616e+00 2.148400e+00 2.177600e-02
4.428000e+00 2.152200e+00 2.162600e-02
4.132800e+00 2.156000e+00 2.158900e-02
3.874500e+00 2.159200e+00 2.162300e-02
3.646588e+00 2.161800e+00 2.172700e-02
3.401482e+00 2.164400e+00 2.194500e-02
3.262737e+00 2.165800e+00 2.213700e-02
3.099600e+00 2.167400e+00 2.241900e-02
2.755200e+00 2.172500e+00 2.335100e-02
2.479680e+00 2.175700e+00 2.453900e-02
2.423930e+00 2.177100e+00 2.487800e-02
2.254255e+00 2.179300e+00 2.600200e-02
2.199858e+00 2.180700e+00 2.645700e-02
2.121924e+00 2.182200e+00 2.714400e-02
2.066400e+00 2.182500e+00 2.770100e-02
1.907446e+00 2.186500e+00 2.959200e-02
1.771200e+00 2.190300e+00 3.170900e-02
1.650040e+00 2.193900e+00 3.410500e-02
1.549800e+00 2.197400e+00 3.658100e-02
1.458635e+00 2.200800e+00 3.934100e-02
1.377600e+00 2.205200e+00 4.231500e-02
1.305095e+00 2.209400e+00 4.557200e-02
1.249965e+00 2.212700e+00 4.847400e-02
1.127127e+00 2.222100e+00 5.668700e-02
9.998710e-01 2.235500e+00 6.942200e-02
8.997388e-01 2.249800e+00 8.393400e-02
7.998968e-01 2.269100e+00 1.061600e-01
7.000791e-01 2.294300e+00 1.408500e-01
6.563473e-01 2.308400e+00 1.635500e-01
5.500621e-01 2.348600e+00 2.540500e-01
4.860212e-01 2.372700e+00 3.555500e-01
4.399716e-01 2.353700e+00 4.779600e-01
4.339657e-01 2.346700e+00 4.957600e-01
3.999484e-01 2.270800e+00 5.892600e-01
3.814892e-01 2.224800e+00 6.216600e-01
3.649809e-01 2.184800e+00 6.467600e-01
3.440177e-01 2.147800e+00 6.907500e-01
3.262737e-01 2.085900e+00 7.484500e-01
3.099600e-01 1.999660e+00 7.976600e-01
2.917271e-01 1.867770e+00 8.180600e-01
2.850207e-01 1.813680e+00 8.149600e-01
2.739978e-01 1.717580e+00 7.909600e-01
2.583000e-01 1.604680e+00 6.917500e-01
2.500181e-01 1.565290e+00 6.359500e-01
2.400000e-01 1.532890e+00 5.568400e-01
2.384308e-01 1.529190e+00 5.437400e-01
2.339321e-01 1.521790e+00 5.043400e-01
2.299833e-01 1.521890e+00 4.685300e-01
2.254255e-01 1.530000e+00 4.281300e-01
2.214000e-01 1.542100e+00 4.017300e-01
2.190143e-01 1.548300e+00 3.878200e-01
2.175158e-01 1.551700e+00 3.796200e-01
2.137655e-01 1.557110e+00 3.561200e-01
2.100000e-01 1.568710e+00 3.289200e-01
2.000065e-01 1.620920e+00 2.733100e-01
1.899847e-01 1.684930e+00 2.436100e-01
1.800000e-01 1.737540e+00 2.437100e-01
1.700041e-01 1.770350e+00 2.352100e-01
1.653120e-01 1.790450e+00 2.234100e-01
1.600000e-01 1.826550e+00 2.036100e-01
1.549800e-01 1.878460e+00 1.890000e-01
1.490013e-01 1.956860e+00 1.957000e-01
1.458635e-01 1.999970e+00 2.075000e-01
1.441674e-01 2.024000e+00 2.163000e-01
1.425104e-01 2.048000e+00 2.262000e-01
1.408909e-01 2.071000e+00 2.371000e-01
1.389955e-01 2.099000e+00 2.515000e-01
1.362461e-01 2.140000e+00 2.722000e-01
1.333161e-01 2.194000e+00 2.976000e-01
1.305095e-01 2.254000e+00 3.305000e-01
1.278186e-01 2.326000e+00 3.721000e-01
1.249965e-01 2.412000e+00 4.399000e-01
1.215529e-01 2.529000e+00 5.720000e-01
1.180013e-01 2.630000e+00 7.794000e-01
1.148000e-01 2.703000e+00 1.026000e+00
1.109973e-01 2.788000e+00 1.629000e+00
1.078122e-01 2.079000e+00 1.979000e+00
1.050000e-01 1.670890e+00 1.859000e+00
1.024661e-01 1.496690e+00 1.702000e+00
9.999516e-02 1.395690e+00 1.640000e+00
9.762520e-02 1.223890e+00 1.607000e+00
9.537231e-02 1.074710e+00 1.475000e+00
9.322105e-02 1.023360e+00 1.354000e+00
9.116471e-02 9.771100e-01 1.270000e+00
8.856000e-02 9.311090e-01 1.138000e+00
8.265600e-02 9.827580e-01 9.514100e-01
7.749000e-02 9.967677e-01 9.631100e-01
7.293177e-02 8.477900e-01 9.908100e-01
6.888000e-02 6.738900e-01 8.088100e-01
6.525474e-02 6.756900e-01 6.142100e-01
6.199200e-02 7.632900e-01 5.110100e-01
5.904000e-02 8.285900e-01 5.111100e-01
5.635637e-02 8.176900e-01 5.325100e-01
5.390609e-02 7.740900e-01 5.037100e-01
5.166000e-02 7.567900e-01 4.630100e-01
4.959360e-02 7.460900e-01 4.234000e-01
4.768616e-02 7.405900e-01 3.857000e-01
4.592000e-02 7.390900e-01 3.505000e-01
4.428000e-02 7.406900e-01 3.181000e-01
4.275310e-02 7.443900e-01 2.886000e-01
4.132800e-02 7.499900e-01 2.619000e-01
3.999484e-02 7.565900e-01 2.378000e-01
3.874500e-02 7.640900e-01 2.163000e-01
3.757091e-02 7.719900e-01 1.970000e-01
3.646588e-02 7.800900e-01 1.798000e-01
3.542400e-02 7.882900e-01 1.644000e-01
3.444000e-02 7.965000e-01 1.507000e-01
3.350919e-02 8.043000e-01 1.384000e-01
3.262737e-02 8.122000e-01 1.273000e-01
3.179077e-02 8.196000e-01 1.174000e-01
3.099600e-02 8.268000e-01 1.084000e-01
2.952000e-02 8.402000e-01 9.307000e-02
2.817818e-02 8.524000e-01 8.042000e-02
2.695304e-02 8.635000e-01 7.001000e-02
2.583000e-02 8.735000e-01 6.125000e-02
2.479680e-02 8.825000e-01 5.394000e-02
2.361600e-02 8.926000e-01 4.631000e-02
2.296000e-02 8.981000e-01 4.241000e-02
2.214000e-02 9.048380e-01 3.786000e-02
2.156243e-02 9.094580e-01 3.486000e-02
2.066400e-02 9.165280e-01 3.052000e-02
1.907446e-02 9.283690e-01 2.377000e-02
1.771200e-02 9.380090e-01 1.885000e-02
1.653120e-02 9.458490e-01 1.518000e-02
1.549800e-02 9.523590e-01 1.239000e-02
1.458635e-02 9.577890e-01 1.023000e-02
1.377600e-02 9.623690e-01 8.541000e-03
1.305095e-02 9.662690e-01 7.193000e-03
1.239840e-02 9.696190e-01 6.106000e-03
1.127127e-02 9.750000e-01 4.502000e-03
1.033200e-02 9.791500e-01 3.401000e-03
9.537231e-03 9.823700e-01 2.623000e-03
8.856000e-03 9.849500e-01 2.060000e-03
8.265601e-03 9.870500e-01 1.643000e-03
7.749000e-03 9.887700e-01 1.327000e-03
7.293177e-03 9.902128e-01 1.086000e-03
7.084800e-03 9.908438e-01 9.855000e-04
6.888000e-03 9.914288e-01 8.972000e-04
6.525474e-03 9.924769e-01 7.486000e-04
6.199200e-03 9.933879e-01 6.302000e-04
5.635636e-03 9.949169e-01 4.562000e-04
5.166000e-03 9.962199e-01 3.389000e-04
4.768616e-03 9.975479e-01 2.573000e-04
4.592000e-03 9.984379e-01 2.258000e-04
4.508509e-03 9.991065e-01 2.117000e-04
4.428000e-03 1.000324e+00 1.987000e-04
4.396596e-03 1.001416e+00 1.937000e-04
4.381060e-03 1.002495e+00 2.461000e-04
4.373333e-03 1.003467e+00 2.996000e-04
4.365634e-03 1.005634e+00 5.708000e-04
4.364097e-03 1.006162e+00 1.007000e-03
4.361027e-03 1.007094e+00 2.780000e-03
4.357961e-03 1.007353e+00 4.546000e-03
4.354900e-03 1.007016e+00 6.350000e-03
4.351843e-03 1.006154e+00 8.070000e-03
4.350316e-03 1.005539e+00 8.906000e-03
4.348790e-03 1.004725e+00 9.605000e-03
4.347265e-03 1.003716e+00 1.025000e-02
4.345742e-03 1.002593e+00 1.083000e-02
4.344219e-03 1.001425e+00 1.111000e-02
4.342697e-03 1.000200e+00 1.085000e-02
4.341177e-03 9.988979e-01 1.045000e-02
4.339657e-03 9.978679e-01 9.821000e-03
4.338139e-03 9.973119e-01 8.954000e-03
4.335105e-03 9.967259e-01 6.486000e-03
4.327539e-03 9.974829e-01 4.829000e-03
4.320000e-03 9.980249e-01 3.999000e-03
4.305000e-03 9.985359e-01 3.602000e-03
4.290104e-03 9.986749e-01 3.263000e-03
4.275310e-03 9.990958e-01 2.763000e-03
4.260619e-03 1.000432e+00 2.586000e-03
4.259155e-03 1.000676e+00 2.745000e-03
4.253311e-03 1.001129e+00 4.184000e-03
4.251852e-03 1.000932e+00 4.719000e-03
4.250394e-03 1.000647e+00 5.092000e-03
4.246028e-03 9.998133e-01 4.877000e-03
4.244574e-03 9.996730e-01 4.662000e-03
4.231536e-03 9.991564e-01 4.969000e-03
4.217143e-03 9.985429e-01 4.848000e-03
4.202847e-03 9.981239e-01 4.672000e-03
4.188649e-03 9.976859e-01 4.446000e-03
4.174545e-03 9.975629e-01 3.850000e-03
4.160537e-03 9.976999e-01 3.678000e-03
4.146622e-03 9.977169e-01 3.507000e-03
4.132800e-03 9.978809e-01 3.285000e-03
4.119070e-03 9.981059e-01 3.324000e-03
4.105431e-03 9.982809e-01 3.414000e-03
4.091881e-03 9.983099e-01 3.712000e-03
4.078421e-03 9.981559e-01 3.853000e-03
4.065049e-03 9.980529e-01 3.891000e-03
4.051765e-03 9.980309e-01 3.979000e-03
4.038567e-03 9.978989e-01 4.221000e-03
4.025455e-03 9.975499e-01 4.360000e-03
4.012427e-03 9.972059e-01 4.245000e-03
3.999484e-03 9.969989e-01 4.079000e-03
3.936000e-03 9.965809e-01 3.261000e-03
3.874500e-03 9.968169e-01 2.718000e-03
3.757091e-03 9.969750e-01 2.478000e-03
3.646588e-03 9.970260e-01 2.251000e-03
3.444000e-03 9.971430e-01 1.867000e-03
3.262737e-03 9.972950e-01 1.561000e-03
3.099600e-03 9.974600e-01 1.314000e-03
2.755200e-03 9.978560e-01 8.779000e-04
2.479680e-03 9.982050e-01 6.076000e-04
2.254255e-03 9.984860e-01 4.332000e-04
2.066400e-03 9.987130e-01 3.168000e-04
1.907446e-03 9.988960e-01 2.368000e-04
1.771200e-03 9.990456e-01 1.805000e-04
1.653120e-03 9.991672e-01 1.399000e-04
1.549800e-03 9.992677e-01 1.100000e-04
1.458635e-03 9.993518e-01 8.771000e-05
1.377600e-03 9.994228e-01 7.074000e-05
1.305095e-03 9.994829e-01 5.768000e-05
1.239840e-03 9.995338e-01 4.748000e-05
1.127127e-03 9.996161e-01 3.301000e-05
1.033200e-03 9.996786e-01 2.364000e-05
9.537231e-04 9.997273e-01 1.735000e-05
8.856000e-04 9.997656e-01 1.302000e-05
8.265600e-04 9.997964e-01 9.957000e-06
7.749000e-04 9.998216e-01 7.736000e-06
7.293177e-04 9.998424e-01 6.101000e-06
6.888000e-04 9.998597e-01 4.872000e-06
6.525474e-04 9.998742e-01 3.937000e-06
6.199200e-04 9.998868e-01 3.214000e-06
4.959360e-04 9.999282e-01 1.322000e-06
4.132800e-04 9.999503e-01 6.370000e-07
3.099600e-04 9.999722e-01 1.988000e-07
2.479680e-04 9.999823e-01 7.995000e-08
2.066400e-04 9.999877e-01 3.780000e-08
1.549800e-04 9.999931e-01 1.150000e-08
1.239840e-04 9.999956e-01 4.537000e-09
1.033200e-04 9.999969e-01 2.657000e-09
8.856000e-05 9.999978e-01 1.305000e-09
7.749000e-05 9.999983e-01 6.615000e-10
6.888000e-05 9.999986e-01 4.049000e-10
6.199200e-05 1.000000e+00 1.416100e-17
