  1.000e+03   9.327e+00   9.316e+00
  9.886e+02   9.274e+00   9.263e+00
  9.772e+02   9.221e+00   9.209e+00
  9.661e+02   9.168e+00   9.156e+00
  9.550e+02   9.115e+00   9.104e+00
  9.441e+02   9.063e+00   9.051e+00
  9.333e+02   9.011e+00   8.999e+00
  9.226e+02   8.959e+00   8.947e+00
  9.120e+02   8.908e+00   8.896e+00
  9.016e+02   8.856e+00   8.844e+00
  8.913e+02   8.806e+00   8.794e+00
  8.810e+02   8.755e+00   8.743e+00
  8.710e+02   8.705e+00   8.693e+00
  8.610e+02   8.655e+00   8.643e+00
  8.511e+02   8.605e+00   8.593e+00
  8.414e+02   8.556e+00   8.543e+00
  8.318e+02   8.507e+00   8.494e+00
  8.222e+02   8.458e+00   8.445e+00
  8.128e+02   8.409e+00   8.396e+00
  8.035e+02   8.361e+00   8.348e+00
  7.943e+02   8.313e+00   8.300e+00
  7.852e+02   8.265e+00   8.252e+00
  7.762e+02   8.218e+00   8.205e+00
  7.674e+02   8.170e+00   8.157e+00
  7.586e+02   8.123e+00   8.110e+00
  7.499e+02   8.077e+00   8.064e+00
  7.413e+02   8.030e+00   8.017e+00
  7.328e+02   7.984e+00   7.971e+00
  7.244e+02   7.938e+00   7.925e+00
  7.161e+02   7.893e+00   7.879e+00
  7.079e+02   7.847e+00   7.834e+00
  6.998e+02   7.802e+00   7.789e+00
  6.918e+02   7.758e+00   7.744e+00
  6.839e+02   7.713e+00   7.699e+00
  6.761e+02   7.669e+00   7.655e+00
  6.683e+02   7.625e+00   7.611e+00
  6.607e+02   7.581e+00   7.567e+00
  6.531e+02   7.537e+00   7.523e+00
  6.457e+02   7.494e+00   7.480e+00
  6.383e+02   7.451e+00   7.436e+00
  6.310e+02   7.408e+00   7.393e+00
  6.237e+02   7.365e+00   7.351e+00
  6.166e+02   7.323e+00   7.308e+00
  6.095e+02   7.281e+00   7.266e+00
  6.026e+02   7.239e+00   7.224e+00
  5.957e+02   7.198e+00   7.182e+00
  5.888e+02   7.156e+00   7.141e+00
  5.821e+02   7.115e+00   7.100e+00
  5.754e+02   7.074e+00   7.059e+00
  5.689e+02   7.033e+00   7.018e+00
  5.623e+02   6.993e+00   6.977e+00
  5.559e+02   6.953e+00   6.937e+00
  5.495e+02   6.913e+00   6.897e+00
  5.433e+02   6.873e+00   6.857e+00
  5.370e+02   6.833e+00   6.817e+00
  5.309e+02   6.794e+00   6.778e+00
  5.248e+02   6.755e+00   6.739e+00
  5.188e+02   6.716e+00   6.700e+00
  5.129e+02   6.678e+00   6.661e+00
  5.070e+02   6.639e+00   6.623e+00
  5.012e+02   6.601e+00   6.584e+00
  4.955e+02   6.563e+00   6.546e+00
  4.898e+02   6.525e+00   6.508e+00
  4.842e+02   6.488e+00   6.471e+00
  4.786e+02   6.450e+00   6.433e+00
  4.732e+02   6.413e+00   6.396e+00
  4.677e+02   6.376e+00   6.359e+00
  4.624e+02   6.340e+00   6.322e+00
  4.571e+02   6.303e+00   6.285e+00
  4.519e+02   6.267e+00   6.249e+00
  4.467e+02   6.231e+00   6.213e+00
  4.416e+02   6.195e+00   6.177e+00
  4.365e+02   6.159e+00   6.141e+00
  4.315e+02   6.124e+00   6.105e+00
  4.266e+02   6.088e+00   6.070e+00
  4.217e+02   6.053e+00   6.035e+00
  4.169e+02   6.018e+00   6.000e+00
  4.121e+02   5.984e+00   5.965e+00
  4.074e+02   5.949e+00   5.930e+00
  4.027e+02   5.915e+00   5.896e+00
  3.981e+02   5.881e+00   5.861e+00
  3.936e+02   5.847e+00   5.827e+00
  3.890e+02   5.813e+00   5.793e+00
  3.846e+02   5.780e+00   5.760e+00
  3.802e+02   5.746e+00   5.726e+00
  3.758e+02   5.713e+00   5.693e+00
  3.715e+02   5.680e+00   5.660e+00
  3.673e+02   5.647e+00   5.627e+00
  3.631e+02   5.615e+00   5.594e+00
  3.589e+02   5.582e+00   5.561e+00
  3.548e+02   5.550e+00   5.529e+00
  3.508e+02   5.518e+00   5.497e+00
  3.467e+02   5.486e+00   5.465e+00
  3.428e+02   5.454e+00   5.433e+00
  3.388e+02   5.423e+00   5.401e+00
  3.350e+02   5.392e+00   5.370e+00
  3.311e+02   5.360e+00   5.338e+00
  3.273e+02   5.329e+00   5.307e+00
  3.236e+02   5.299e+00   5.276e+00
  3.199e+02   5.268e+00   5.245e+00
  3.162e+02   5.237e+00   5.215e+00
  3.126e+02   5.207e+00   5.184e+00
  3.090e+02   5.177e+00   5.154e+00
  3.055e+02   5.147e+00   5.124e+00
  3.020e+02   5.117e+00   5.094e+00
  2.985e+02   5.088e+00   5.064e+00
  2.951e+02   5.058e+00   5.034e+00
  2.917e+02   5.029e+00   5.004e+00
  2.884e+02   5.000e+00   4.975e+00
  2.851e+02   4.971e+00   4.946e+00
  2.818e+02   4.942e+00   4.917e+00
  2.786e+02   4.913e+00   4.888e+00
  2.754e+02   4.885e+00   4.859e+00
  2.723e+02   4.856e+00   4.831e+00
  2.692e+02   4.828e+00   4.802e+00
  2.661e+02   4.800e+00   4.774e+00
  2.630e+02   4.772e+00   4.746e+00
  2.600e+02   4.745e+00   4.718e+00
  2.570e+02   4.717e+00   4.690e+00
  2.541e+02   4.690e+00   4.662e+00
  2.512e+02   4.662e+00   4.635e+00
  2.483e+02   4.635e+00   4.607e+00
  2.455e+02   4.608e+00   4.580e+00
  2.427e+02   4.581e+00   4.553e+00
  2.399e+02   4.555e+00   4.526e+00
  2.371e+02   4.528e+00   4.499e+00
  2.344e+02   4.502e+00   4.472e+00
  2.317e+02   4.476e+00   4.446e+00
  2.291e+02   4.450e+00   4.419e+00
  2.265e+02   4.424e+00   4.393e+00
  2.239e+02   4.398e+00   4.367e+00
  2.213e+02   4.372e+00   4.341e+00
  2.188e+02   4.347e+00   4.315e+00
  2.163e+02   4.321e+00   4.289e+00
  2.138e+02   4.296e+00   4.264e+00
  2.113e+02   4.271e+00   4.238e+00
  2.089e+02   4.246e+00   4.213e+00
  2.065e+02   4.221e+00   4.187e+00
  2.042e+02   4.197e+00   4.162e+00
  2.018e+02   4.172e+00   4.137e+00
  1.995e+02   4.148e+00   4.112e+00
  1.972e+02   4.123e+00   4.088e+00
  1.950e+02   4.099e+00   4.063e+00
  1.928e+02   4.075e+00   4.039e+00
  1.905e+02   4.051e+00   4.014e+00
  1.884e+02   4.027e+00   3.990e+00
  1.862e+02   4.004e+00   3.966e+00
  1.841e+02   3.980e+00   3.942e+00
  1.820e+02   3.957e+00   3.918e+00
  1.799e+02   3.933e+00   3.895e+00
  1.778e+02   3.910e+00   3.871e+00
  1.758e+02   3.887e+00   3.847e+00
  1.738e+02   3.864e+00   3.824e+00
  1.718e+02   3.841e+00   3.801e+00
  1.698e+02   3.819e+00   3.777e+00
  1.679e+02   3.796e+00   3.754e+00
  1.660e+02   3.774e+00   3.731e+00
  1.641e+02   3.751e+00   3.708e+00
  1.622e+02   3.729e+00   3.686e+00
  1.603e+02   3.707e+00   3.663e+00
  1.585e+02   3.685e+00   3.640e+00
  1.567e+02   3.663e+00   3.618e+00
  1.549e+02   3.642e+00   3.596e+00
  1.531e+02   3.620e+00   3.573e+00
  1.514e+02   3.599e+00   3.551e+00
  1.496e+02   3.577e+00   3.529e+00
  1.479e+02   3.556e+00   3.507e+00
  1.462e+02   3.535e+00   3.485e+00
  1.445e+02   3.514e+00   3.463e+00
  1.429e+02   3.493e+00   3.442e+00
  1.413e+02   3.472e+00   3.420e+00
  1.396e+02   3.452e+00   3.399e+00
  1.380e+02   3.431e+00   3.377e+00
  1.365e+02   3.411e+00   3.356e+00
  1.349e+02   3.390e+00   3.335e+00
  1.334e+02   3.370e+00   3.313e+00
  1.318e+02   3.350e+00   3.292e+00
  1.303e+02   3.330e+00   3.271e+00
  1.288e+02   3.310e+00   3.251e+00
  1.274e+02   3.290e+00   3.230e+00
  1.259e+02   3.270e+00   3.209e+00
  1.245e+02   3.251e+00   3.188e+00
  1.230e+02   3.231e+00   3.168e+00
  1.216e+02   3.212e+00   3.147e+00
  1.202e+02   3.192e+00   3.127e+00
  1.189e+02   3.173e+00   3.106e+00
  1.175e+02   3.154e+00   3.086e+00
  1.161e+02   3.135e+00   3.066e+00
  1.148e+02   3.116e+00   3.046e+00
  1.135e+02   3.097e+00   3.026e+00
  1.122e+02   3.079e+00   3.006e+00
  1.109e+02   3.060e+00   2.986e+00
  1.096e+02   3.042e+00   2.966e+00
  1.084e+02   3.023e+00   2.946e+00
  1.072e+02   3.005e+00   2.926e+00
  1.059e+02   2.987e+00   2.907e+00
  1.047e+02   2.969e+00   2.887e+00
  1.035e+02   2.951e+00   2.868e+00
  1.023e+02   2.933e+00   2.848e+00
  1.012e+02   2.915e+00   2.829e+00
  1.000e+02   2.897e+00   2.809e+00
  9.886e+01   2.879e+00   2.790e+00
  9.772e+01   2.862e+00   2.771e+00
  9.661e+01   2.845e+00   2.752e+00
  9.550e+01   2.827e+00   2.732e+00
  9.441e+01   2.810e+00   2.713e+00
  9.333e+01   2.793e+00   2.694e+00
  9.226e+01   2.776e+00   2.675e+00
  9.120e+01   2.759e+00   2.656e+00
  9.016e+01   2.742e+00   2.637e+00
  8.913e+01   2.725e+00   2.618e+00
  8.810e+01   2.709e+00   2.600e+00
  8.710e+01   2.692e+00   2.581e+00
  8.610e+01   2.675e+00   2.562e+00
  8.511e+01   2.659e+00   2.543e+00
  8.414e+01   2.643e+00   2.525e+00
  8.318e+01   2.627e+00   2.506e+00
  8.222e+01   2.611e+00   2.487e+00
  8.128e+01   2.595e+00   2.469e+00
  8.035e+01   2.579e+00   2.450e+00
  7.943e+01   2.563e+00   2.432e+00
  7.852e+01   2.547e+00   2.413e+00
  7.762e+01   2.531e+00   2.395e+00
  7.674e+01   2.516e+00   2.376e+00
  7.586e+01   2.501e+00   2.358e+00
  7.499e+01   2.485e+00   2.339e+00
  7.413e+01   2.470e+00   2.321e+00
  7.328e+01   2.455e+00   2.303e+00
  7.244e+01   2.440e+00   2.284e+00
  7.161e+01   2.425e+00   2.266e+00
  7.079e+01   2.410e+00   2.248e+00
  6.998e+01   2.395e+00   2.229e+00
  6.918e+01   2.381e+00   2.211e+00
  6.839e+01   2.366e+00   2.193e+00
  6.761e+01   2.352e+00   2.174e+00
  6.683e+01   2.338e+00   2.156e+00
  6.607e+01   2.323e+00   2.138e+00
  6.531e+01   2.309e+00   2.120e+00
  6.457e+01   2.295e+00   2.101e+00
  6.383e+01   2.281e+00   2.083e+00
  6.310e+01   2.268e+00   2.065e+00
  6.237e+01   2.254e+00   2.047e+00
  6.166e+01   2.241e+00   2.028e+00
  6.095e+01   2.227e+00   2.010e+00
  6.026e+01   2.214e+00   1.992e+00
  5.957e+01   2.201e+00   1.974e+00
  5.888e+01   2.187e+00   1.955e+00
  5.821e+01   2.175e+00   1.937e+00
  5.754e+01   2.162e+00   1.919e+00
  5.689e+01   2.149e+00   1.901e+00
  5.623e+01   2.136e+00   1.882e+00
  5.559e+01   2.124e+00   1.864e+00
  5.495e+01   2.112e+00   1.846e+00
  5.433e+01   2.099e+00   1.827e+00
  5.370e+01   2.087e+00   1.809e+00
  5.309e+01   2.075e+00   1.791e+00
  5.248e+01   2.063e+00   1.772e+00
  5.188e+01   2.052e+00   1.754e+00
  5.129e+01   2.040e+00   1.735e+00
  5.070e+01   2.029e+00   1.717e+00
  5.012e+01   2.018e+00   1.698e+00
  4.955e+01   2.007e+00   1.680e+00
  4.898e+01   1.996e+00   1.661e+00
  4.842e+01   1.985e+00   1.643e+00
  4.786e+01   1.974e+00   1.624e+00
  4.732e+01   1.964e+00   1.606e+00
  4.677e+01   1.953e+00   1.587e+00
  4.624e+01   1.943e+00   1.568e+00
  4.571e+01   1.933e+00   1.550e+00
  4.519e+01   1.923e+00   1.531e+00
  4.467e+01   1.914e+00   1.512e+00
  4.416e+01   1.904e+00   1.494e+00
  4.365e+01   1.895e+00   1.475e+00
  4.315e+01   1.886e+00   1.456e+00
  4.266e+01   1.877e+00   1.437e+00
  4.217e+01   1.868e+00   1.419e+00
  4.169e+01   1.860e+00   1.400e+00
  4.121e+01   1.851e+00   1.381e+00
  4.074e+01   1.843e+00   1.362e+00
  4.027e+01   1.835e+00   1.343e+00
  3.981e+01   1.828e+00   1.324e+00
  3.936e+01   1.820e+00   1.306e+00
  3.890e+01   1.813e+00   1.287e+00
  3.846e+01   1.806e+00   1.268e+00
  3.802e+01   1.799e+00   1.249e+00
  3.758e+01   1.792e+00   1.230e+00
  3.715e+01   1.786e+00   1.211e+00
  3.673e+01   1.780e+00   1.192e+00
  3.631e+01   1.774e+00   1.174e+00
  3.589e+01   1.768e+00   1.155e+00
  3.548e+01   1.763e+00   1.136e+00
  3.508e+01   1.757e+00   1.117e+00
  3.467e+01   1.753e+00   1.099e+00
  3.428e+01   1.748e+00   1.080e+00
  3.388e+01   1.743e+00   1.061e+00
  3.350e+01   1.739e+00   1.043e+00
  3.311e+01   1.735e+00   1.024e+00
  3.273e+01   1.732e+00   1.005e+00
  3.236e+01   1.729e+00   9.869e-01
  3.199e+01   1.726e+00   9.685e-01
  3.162e+01   1.723e+00   9.501e-01
  3.126e+01   1.720e+00   9.319e-01
  3.090e+01   1.718e+00   9.138e-01
  3.055e+01   1.716e+00   8.957e-01
  3.020e+01   1.715e+00   8.778e-01
  2.985e+01   1.713e+00   8.600e-01
  2.951e+01   1.712e+00   8.423e-01
  2.917e+01   1.711e+00   8.248e-01
  2.884e+01   1.711e+00   8.075e-01
  2.851e+01   1.710e+00   7.902e-01
  2.818e+01   1.710e+00   7.732e-01
  2.786e+01   1.710e+00   7.563e-01
  2.754e+01   1.710e+00   7.396e-01
  2.723e+01   1.711e+00   7.230e-01
  2.692e+01   1.712e+00   7.066e-01
  2.661e+01   1.713e+00   6.905e-01
  2.630e+01   1.714e+00   6.745e-01
  2.600e+01   1.715e+00   6.587e-01
  2.570e+01   1.717e+00   6.431e-01
  2.541e+01   1.719e+00   6.278e-01
  2.512e+01   1.721e+00   6.126e-01
  2.483e+01   1.724e+00   5.977e-01
  2.455e+01   1.726e+00   5.830e-01
  2.427e+01   1.729e+00   5.686e-01
  2.399e+01   1.732e+00   5.543e-01
  2.371e+01   1.735e+00   5.403e-01
  2.344e+01   1.738e+00   5.266e-01
  2.317e+01   1.742e+00   5.131e-01
  2.291e+01   1.745e+00   4.999e-01
  2.265e+01   1.749e+00   4.869e-01
  2.239e+01   1.753e+00   4.741e-01
  2.213e+01   1.757e+00   4.616e-01
  2.188e+01   1.760e+00   4.496e-01
  2.163e+01   1.764e+00   4.377e-01
  2.138e+01   1.768e+00   4.259e-01
  2.113e+01   1.773e+00   4.143e-01
  2.089e+01   1.778e+00   4.029e-01
  2.065e+01   1.783e+00   3.919e-01
  2.042e+01   1.787e+00   3.812e-01
  2.018e+01   1.792e+00   3.707e-01
  1.995e+01   1.796e+00   3.605e-01
  1.972e+01   1.801e+00   3.504e-01
  1.950e+01   1.806e+00   3.407e-01
  1.928e+01   1.811e+00   3.311e-01
  1.905e+01   1.816e+00   3.218e-01
  1.884e+01   1.821e+00   3.128e-01
  1.862e+01   1.826e+00   3.039e-01
  1.841e+01   1.831e+00   2.953e-01
  1.820e+01   1.836e+00   2.869e-01
  1.799e+01   1.841e+00   2.787e-01
  1.778e+01   1.846e+00   2.708e-01
  1.758e+01   1.851e+00   2.630e-01
  1.738e+01   1.856e+00   2.555e-01
  1.718e+01   1.860e+00   2.481e-01
  1.698e+01   1.865e+00   2.410e-01
  1.679e+01   1.870e+00   2.340e-01
  1.660e+01   1.875e+00   2.272e-01
  1.641e+01   1.880e+00   2.207e-01
  1.622e+01   1.885e+00   2.143e-01
  1.603e+01   1.890e+00   2.080e-01
  1.585e+01   1.895e+00   2.020e-01
  1.567e+01   1.900e+00   1.961e-01
  1.549e+01   1.904e+00   1.904e-01
  1.531e+01   1.909e+00   1.849e-01
  1.514e+01   1.914e+00   1.795e-01
  1.496e+01   1.918e+00   1.743e-01
  1.479e+01   1.924e+00   1.691e-01
  1.462e+01   1.929e+00   1.642e-01
  1.445e+01   1.933e+00   1.594e-01
  1.429e+01   1.938e+00   1.548e-01
  1.413e+01   1.942e+00   1.503e-01
  1.396e+01   1.946e+00   1.460e-01
  1.380e+01   1.951e+00   1.417e-01
  1.365e+01   1.955e+00   1.376e-01
  1.349e+01   1.959e+00   1.336e-01
  1.334e+01   1.964e+00   1.298e-01
  1.318e+01   1.968e+00   1.260e-01
  1.303e+01   1.972e+00   1.224e-01
  1.288e+01   1.976e+00   1.189e-01
  1.274e+01   1.981e+00   1.154e-01
  1.259e+01   1.986e+00   1.121e-01
  1.245e+01   1.991e+00   1.088e-01
  1.230e+01   1.996e+00   1.057e-01
  1.216e+01   2.000e+00   1.026e-01
  1.202e+01   2.005e+00   9.959e-02
  1.189e+01   2.016e+00   9.684e-02
  1.175e+01   2.034e+00   9.441e-02
  1.161e+01   2.068e+00   9.314e-02
  1.148e+01   1.872e+00   1.157e-01
  1.135e+01   1.978e+00   8.969e-02
  1.122e+01   1.994e+00   8.611e-02
  1.109e+01   2.007e+00   8.292e-02
  1.096e+01   2.015e+00   8.028e-02
  1.084e+01   2.021e+00   7.786e-02
  1.072e+01   2.026e+00   7.566e-02
  1.059e+01   2.030e+00   7.366e-02
  1.047e+01   2.031e+00   7.187e-02
  1.035e+01   2.033e+00   7.008e-02
  1.023e+01   2.036e+00   6.825e-02
  1.012e+01   2.039e+00   6.647e-02
  1.000e+01   2.043e+00   6.474e-02
  9.886e+00   2.046e+00   6.309e-02
  9.772e+00   2.048e+00   6.149e-02
  9.661e+00   2.052e+00   5.994e-02
  9.550e+00   2.055e+00   5.845e-02
  9.441e+00   2.057e+00   5.702e-02
  9.333e+00   2.060e+00   5.564e-02
  9.226e+00   2.062e+00   5.431e-02
  9.120e+00   2.065e+00   5.303e-02
  9.016e+00   2.067e+00   5.179e-02
  8.913e+00   2.069e+00   5.060e-02
  8.810e+00   2.072e+00   4.945e-02
  8.710e+00   2.074e+00   4.834e-02
  8.610e+00   2.076e+00   4.728e-02
  8.511e+00   2.078e+00   4.625e-02
  8.414e+00   2.080e+00   4.526e-02
  8.318e+00   2.083e+00   4.431e-02
  8.222e+00   2.085e+00   4.340e-02
  8.128e+00   2.087e+00   4.252e-02
  8.035e+00   2.089e+00   4.168e-02
  7.943e+00   2.091e+00   4.087e-02
  7.852e+00   2.092e+00   4.010e-02
  7.762e+00   2.094e+00   3.937e-02
  7.674e+00   2.096e+00   3.867e-02
  7.586e+00   2.098e+00   3.800e-02
  7.499e+00   2.100e+00   3.736e-02
  7.413e+00   2.101e+00   3.675e-02
  7.328e+00   2.103e+00   3.617e-02
  7.244e+00   2.105e+00   3.560e-02
  7.161e+00   2.106e+00   3.506e-02
  7.079e+00   2.108e+00   3.455e-02
  6.998e+00   2.109e+00   3.405e-02
  6.918e+00   2.111e+00   3.358e-02
  6.839e+00   2.113e+00   3.312e-02
  6.761e+00   2.114e+00   3.268e-02
  6.683e+00   2.115e+00   3.227e-02
  6.607e+00   2.117e+00   3.187e-02
  6.531e+00   2.118e+00   3.148e-02
  6.457e+00   2.120e+00   3.111e-02
  6.383e+00   2.121e+00   3.076e-02
  6.310e+00   2.122e+00   3.043e-02
  6.237e+00   2.122e+00   3.011e-02
  6.166e+00   2.124e+00   2.979e-02
  6.095e+00   2.125e+00   2.947e-02
  6.026e+00   2.126e+00   2.916e-02
  5.957e+00   2.127e+00   2.887e-02
  5.888e+00   2.128e+00   2.859e-02
  5.821e+00   2.129e+00   2.832e-02
  5.754e+00   2.130e+00   2.807e-02
  5.689e+00   2.131e+00   2.782e-02
  5.623e+00   2.132e+00   2.758e-02
  5.559e+00   2.133e+00   2.736e-02
  5.495e+00   2.134e+00   2.714e-02
  5.433e+00   2.135e+00   2.693e-02
  5.370e+00   2.135e+00   2.673e-02
  5.309e+00   2.136e+00   2.654e-02
  5.248e+00   2.137e+00   2.636e-02
  5.188e+00   2.138e+00   2.619e-02
  5.129e+00   2.139e+00   2.602e-02
  5.070e+00   2.139e+00   2.586e-02
  5.012e+00   2.140e+00   2.570e-02
  4.955e+00   2.141e+00   2.554e-02
  4.898e+00   2.141e+00   2.538e-02
  4.842e+00   2.142e+00   2.522e-02
  4.786e+00   2.143e+00   2.508e-02
  4.732e+00   2.144e+00   2.494e-02
  4.677e+00   2.145e+00   2.481e-02
  4.624e+00   2.145e+00   2.468e-02
  4.571e+00   2.146e+00   2.456e-02
  4.519e+00   2.147e+00   2.445e-02
  4.467e+00   2.147e+00   2.434e-02
  4.416e+00   2.148e+00   2.424e-02
  4.365e+00   2.149e+00   2.415e-02
  4.315e+00   2.149e+00   2.405e-02
  4.266e+00   2.150e+00   2.397e-02
  4.217e+00   2.150e+00   2.389e-02
  4.169e+00   2.151e+00   2.381e-02
  4.121e+00   2.151e+00   2.374e-02
  4.074e+00   2.152e+00   2.368e-02
  4.027e+00   2.152e+00   2.361e-02
  3.981e+00   2.153e+00   2.356e-02
  3.936e+00   2.153e+00   2.350e-02
  3.890e+00   2.153e+00   2.345e-02
  3.846e+00   2.154e+00   2.340e-02
  3.802e+00   2.154e+00   2.336e-02
  3.758e+00   2.155e+00   2.332e-02
  3.715e+00   2.155e+00   2.329e-02
  3.673e+00   2.156e+00   2.326e-02
  3.631e+00   2.156e+00   2.323e-02
  3.589e+00   2.157e+00   2.321e-02
  3.548e+00   2.157e+00   2.320e-02
  3.508e+00   2.158e+00   2.319e-02
  3.467e+00   2.158e+00   2.319e-02
  3.428e+00   2.158e+00   2.319e-02
  3.388e+00   2.159e+00   2.320e-02
  3.350e+00   2.159e+00   2.320e-02
  3.311e+00   2.160e+00   2.322e-02
  3.273e+00   2.160e+00   2.324e-02
  3.236e+00   2.161e+00   2.326e-02
  3.199e+00   2.162e+00   2.329e-02
  3.162e+00   2.162e+00   2.332e-02
  3.126e+00   2.162e+00   2.336e-02
  3.090e+00   2.163e+00   2.339e-02
  3.055e+00   2.163e+00   2.344e-02
  3.020e+00   2.163e+00   2.348e-02
  2.985e+00   2.164e+00   2.354e-02
  2.951e+00   2.164e+00   2.359e-02
  2.917e+00   2.165e+00   2.366e-02
  2.884e+00   2.165e+00   2.373e-02
  2.851e+00   2.166e+00   2.380e-02
  2.818e+00   2.166e+00   2.388e-02
  2.786e+00   2.166e+00   2.396e-02
  2.754e+00   2.167e+00   2.405e-02
  2.723e+00   2.167e+00   2.414e-02
  2.692e+00   2.167e+00   2.424e-02
  2.661e+00   2.168e+00   2.434e-02
  2.630e+00   2.169e+00   2.444e-02
  2.600e+00   2.169e+00   2.456e-02
  2.570e+00   2.169e+00   2.468e-02
  2.541e+00   2.170e+00   2.480e-02
  2.512e+00   2.170e+00   2.493e-02
  2.483e+00   2.170e+00   2.507e-02
  2.455e+00   2.171e+00   2.521e-02
  2.427e+00   2.171e+00   2.536e-02
  2.399e+00   2.171e+00   2.551e-02
  2.371e+00   2.172e+00   2.567e-02
  2.344e+00   2.172e+00   2.583e-02
  2.317e+00   2.173e+00   2.600e-02
  2.291e+00   2.173e+00   2.618e-02
  2.265e+00   2.174e+00   2.636e-02
  2.239e+00   2.174e+00   2.655e-02
  2.213e+00   2.174e+00   2.674e-02
  2.188e+00   2.175e+00   2.694e-02
  2.163e+00   2.175e+00   2.715e-02
  2.138e+00   2.176e+00   2.736e-02
  2.113e+00   2.176e+00   2.758e-02
  2.089e+00   2.177e+00   2.781e-02
  2.065e+00   2.177e+00   2.805e-02
  2.042e+00   2.178e+00   2.829e-02
  2.018e+00   2.178e+00   2.854e-02
  1.995e+00   2.179e+00   2.880e-02
  1.972e+00   2.179e+00   2.907e-02
  1.950e+00   2.180e+00   2.934e-02
  1.928e+00   2.180e+00   2.962e-02
  1.905e+00   2.181e+00   2.991e-02
  1.884e+00   2.181e+00   3.021e-02
  1.862e+00   2.182e+00   3.052e-02
  1.841e+00   2.182e+00   3.083e-02
  1.820e+00   2.183e+00   3.116e-02
  1.799e+00   2.183e+00   3.149e-02
  1.778e+00   2.184e+00   3.184e-02
  1.758e+00   2.185e+00   3.219e-02
  1.738e+00   2.185e+00   3.256e-02
  1.718e+00   2.186e+00   3.293e-02
  1.698e+00   2.186e+00   3.332e-02
  1.679e+00   2.187e+00   3.372e-02
  1.660e+00   2.188e+00   3.412e-02
  1.641e+00   2.188e+00   3.454e-02
  1.622e+00   2.189e+00   3.497e-02
  1.603e+00   2.189e+00   3.541e-02
  1.585e+00   2.190e+00   3.587e-02
  1.567e+00   2.191e+00   3.633e-02
  1.549e+00   2.191e+00   3.681e-02
  1.531e+00   2.192e+00   3.730e-02
  1.514e+00   2.193e+00   3.781e-02
  1.496e+00   2.194e+00   3.833e-02
  1.479e+00   2.195e+00   3.887e-02
  1.462e+00   2.196e+00   3.942e-02
  1.445e+00   2.196e+00   3.998e-02
  1.429e+00   2.197e+00   4.056e-02
  1.413e+00   2.198e+00   4.115e-02
  1.396e+00   2.198e+00   4.176e-02
  1.380e+00   2.199e+00   4.239e-02
  1.365e+00   2.200e+00   4.305e-02
  1.349e+00   2.201e+00   4.372e-02
  1.334e+00   2.202e+00   4.441e-02
  1.318e+00   2.203e+00   4.512e-02
  1.303e+00   2.204e+00   4.585e-02
  1.288e+00   2.205e+00   4.660e-02
  1.274e+00   2.206e+00   4.737e-02
  1.259e+00   2.207e+00   4.815e-02
  1.245e+00   2.208e+00   4.896e-02
  1.230e+00   2.209e+00   4.977e-02
  1.216e+00   2.210e+00   5.061e-02
  1.202e+00   2.211e+00   5.148e-02
  1.189e+00   2.212e+00   5.238e-02
  1.175e+00   2.213e+00   5.330e-02
  1.161e+00   2.214e+00   5.425e-02
  1.148e+00   2.215e+00   5.523e-02
  1.135e+00   2.216e+00   5.624e-02
  1.122e+00   2.218e+00   5.729e-02
  1.109e+00   2.219e+00   5.837e-02
  1.096e+00   2.220e+00   5.949e-02
  1.084e+00   2.221e+00   6.064e-02
  1.072e+00   2.222e+00   6.181e-02
  1.059e+00   2.224e+00   6.303e-02
  1.047e+00   2.225e+00   6.427e-02
  1.035e+00   2.226e+00   6.555e-02
  1.023e+00   2.228e+00   6.687e-02
  1.012e+00   2.229e+00   6.822e-02
  1.000e+00   2.231e+00   6.961e-02
  9.886e-01   2.232e+00   7.099e-02
  9.772e-01   2.233e+00   7.243e-02
  9.661e-01   2.235e+00   7.391e-02
  9.550e-01   2.236e+00   7.543e-02
  9.441e-01   2.238e+00   7.701e-02
  9.333e-01   2.240e+00   7.863e-02
  9.226e-01   2.241e+00   8.031e-02
  9.120e-01   2.243e+00   8.204e-02
  9.016e-01   2.245e+00   8.382e-02
  8.913e-01   2.246e+00   8.570e-02
  8.810e-01   2.248e+00   8.764e-02
  8.710e-01   2.250e+00   8.965e-02
  8.610e-01   2.252e+00   9.171e-02
  8.511e-01   2.254e+00   9.384e-02
  8.414e-01   2.255e+00   9.603e-02
  8.318e-01   2.257e+00   9.829e-02
  8.222e-01   2.259e+00   1.006e-01
  8.128e-01   2.261e+00   1.030e-01
  8.035e-01   2.263e+00   1.055e-01
  7.943e-01   2.265e+00   1.080e-01
  7.852e-01   2.267e+00   1.106e-01
  7.762e-01   2.269e+00   1.132e-01
  7.674e-01   2.271e+00   1.160e-01
  7.586e-01   2.274e+00   1.188e-01
  7.499e-01   2.276e+00   1.217e-01
  7.413e-01   2.278e+00   1.247e-01
  7.328e-01   2.280e+00   1.279e-01
  7.244e-01   2.282e+00   1.311e-01
  7.161e-01   2.285e+00   1.344e-01
  7.079e-01   2.287e+00   1.378e-01
  6.998e-01   2.289e+00   1.413e-01
  6.918e-01   2.292e+00   1.450e-01
  6.839e-01   2.294e+00   1.489e-01
  6.761e-01   2.297e+00   1.529e-01
  6.683e-01   2.299e+00   1.571e-01
  6.607e-01   2.302e+00   1.614e-01
  6.531e-01   2.304e+00   1.658e-01
  6.457e-01   2.307e+00   1.703e-01
  6.383e-01   2.310e+00   1.749e-01
  6.310e-01   2.312e+00   1.798e-01
  6.237e-01   2.315e+00   1.848e-01
  6.166e-01   2.317e+00   1.901e-01
  6.095e-01   2.320e+00   1.955e-01
  6.026e-01   2.323e+00   2.012e-01
  5.957e-01   2.325e+00   2.071e-01
  5.888e-01   2.328e+00   2.133e-01
  5.821e-01   2.330e+00   2.196e-01
  5.754e-01   2.333e+00   2.263e-01
  5.689e-01   2.335e+00   2.331e-01
  5.623e-01   2.338e+00   2.403e-01
  5.559e-01   2.340e+00   2.476e-01
  5.495e-01   2.343e+00   2.553e-01
  5.433e-01   2.346e+00   2.631e-01
  5.370e-01   2.349e+00   2.713e-01
  5.309e-01   2.351e+00   2.797e-01
  5.248e-01   2.354e+00   2.885e-01
  5.188e-01   2.356e+00   2.977e-01
  5.129e-01   2.359e+00   3.071e-01
  5.070e-01   2.361e+00   3.170e-01
  5.012e-01   2.363e+00   3.272e-01
  4.955e-01   2.365e+00   3.378e-01
  4.898e-01   2.367e+00   3.488e-01
  4.842e-01   2.368e+00   3.603e-01
  4.786e-01   2.367e+00   3.726e-01
  4.732e-01   2.367e+00   3.854e-01
  4.677e-01   2.365e+00   3.987e-01
  4.624e-01   2.363e+00   4.126e-01
  4.571e-01   2.361e+00   4.270e-01
  4.519e-01   2.358e+00   4.420e-01
  4.467e-01   2.354e+00   4.576e-01
  4.416e-01   2.350e+00   4.738e-01
  4.365e-01   2.345e+00   4.893e-01
  4.315e-01   2.337e+00   5.047e-01
  4.266e-01   2.326e+00   5.200e-01
  4.217e-01   2.316e+00   5.346e-01
  4.169e-01   2.305e+00   5.484e-01
  4.121e-01   2.294e+00   5.613e-01
  4.074e-01   2.283e+00   5.733e-01
  4.027e-01   2.272e+00   5.844e-01
  3.981e-01   2.261e+00   5.945e-01
  3.936e-01   2.250e+00   6.035e-01
  3.890e-01   2.239e+00   6.116e-01
  3.846e-01   2.228e+00   6.187e-01
  3.802e-01   2.216e+00   6.250e-01
  3.758e-01   2.205e+00   6.314e-01
  3.715e-01   2.194e+00   6.379e-01
  3.673e-01   2.184e+00   6.447e-01
  3.631e-01   2.176e+00   6.517e-01
  3.589e-01   2.170e+00   6.592e-01
  3.548e-01   2.163e+00   6.673e-01
  3.508e-01   2.156e+00   6.761e-01
  3.467e-01   2.148e+00   6.856e-01
  3.428e-01   2.138e+00   6.963e-01
  3.388e-01   2.127e+00   7.084e-01
  3.350e-01   2.114e+00   7.208e-01
  3.311e-01   2.100e+00   7.335e-01
  3.273e-01   2.084e+00   7.466e-01
  3.236e-01   2.068e+00   7.596e-01
  3.199e-01   2.050e+00   7.718e-01
  3.162e-01   2.031e+00   7.829e-01
  3.126e-01   2.010e+00   7.930e-01
  3.090e-01   1.988e+00   8.018e-01
  3.055e-01   1.966e+00   8.086e-01
  3.020e-01   1.942e+00   8.140e-01
  2.985e-01   1.916e+00   8.178e-01
  2.951e-01   1.890e+00   8.200e-01
  2.917e-01   1.862e+00   8.206e-01
  2.884e-01   1.836e+00   8.199e-01
  2.851e-01   1.809e+00   8.175e-01
  2.818e-01   1.779e+00   8.137e-01
  2.786e-01   1.751e+00   8.073e-01
  2.754e-01   1.724e+00   7.983e-01
  2.723e-01   1.698e+00   7.850e-01
  2.692e-01   1.673e+00   7.684e-01
  2.661e-01   1.650e+00   7.501e-01
  2.630e-01   1.628e+00   7.300e-01
  2.600e-01   1.609e+00   7.081e-01
  2.570e-01   1.591e+00   6.864e-01
  2.541e-01   1.576e+00   6.668e-01
  2.512e-01   1.563e+00   6.469e-01
  2.483e-01   1.552e+00   6.262e-01
  2.455e-01   1.541e+00   6.045e-01
  2.427e-01   1.532e+00   5.819e-01
  2.399e-01   1.525e+00   5.586e-01
  2.371e-01   1.519e+00   5.353e-01
  2.344e-01   1.515e+00   5.113e-01
  2.317e-01   1.513e+00   4.870e-01
  2.291e-01   1.515e+00   4.624e-01
  2.265e-01   1.520e+00   4.390e-01
  2.239e-01   1.526e+00   4.191e-01
  2.213e-01   1.534e+00   4.033e-01
  2.188e-01   1.541e+00   3.885e-01
  2.163e-01   1.545e+00   3.741e-01
  2.138e-01   1.549e+00   3.581e-01
  2.113e-01   1.556e+00   3.401e-01
  2.089e-01   1.566e+00   3.236e-01
  2.065e-01   1.578e+00   3.088e-01
  2.042e-01   1.590e+00   2.953e-01
  2.018e-01   1.603e+00   2.832e-01
  1.995e-01   1.616e+00   2.727e-01
  1.972e-01   1.631e+00   2.638e-01
  1.950e-01   1.645e+00   2.563e-01
  1.928e-01   1.660e+00   2.503e-01
  1.905e-01   1.674e+00   2.457e-01
  1.884e-01   1.687e+00   2.443e-01
  1.862e-01   1.699e+00   2.440e-01
  1.841e-01   1.710e+00   2.439e-01
  1.820e-01   1.721e+00   2.442e-01
  1.799e-01   1.731e+00   2.448e-01
  1.778e-01   1.739e+00   2.439e-01
  1.758e-01   1.746e+00   2.426e-01
  1.738e-01   1.753e+00   2.409e-01
  1.718e-01   1.758e+00   2.386e-01
  1.698e-01   1.763e+00   2.359e-01
  1.679e-01   1.771e+00   2.315e-01
  1.660e-01   1.780e+00   2.263e-01
  1.641e-01   1.790e+00   2.196e-01
  1.622e-01   1.802e+00   2.126e-01
  1.603e-01   1.817e+00   2.056e-01
  1.585e-01   1.833e+00   1.987e-01
  1.567e-01   1.852e+00   1.932e-01
  1.549e-01   1.872e+00   1.896e-01
  1.531e-01   1.894e+00   1.890e-01
  1.514e-01   1.917e+00   1.906e-01
  1.496e-01   1.941e+00   1.944e-01
  1.479e-01   1.965e+00   1.998e-01
  1.462e-01   1.988e+00   2.066e-01
  1.445e-01   2.012e+00   2.149e-01
  1.429e-01   2.035e+00   2.245e-01
  1.413e-01   2.060e+00   2.353e-01
  1.396e-01   2.083e+00   2.475e-01
  1.380e-01   2.105e+00   2.593e-01
  1.365e-01   2.130e+00   2.713e-01
  1.349e-01   2.157e+00   2.839e-01
  1.334e-01   2.187e+00   2.982e-01
  1.318e-01   2.219e+00   3.147e-01
  1.303e-01   2.254e+00   3.338e-01
  1.288e-01   2.292e+00   3.555e-01
  1.274e-01   2.334e+00   3.822e-01
  1.259e-01   2.378e+00   4.159e-01
  1.245e-01   2.425e+00   4.578e-01
  1.230e-01   2.474e+00   5.091e-01
  1.216e-01   2.521e+00   5.702e-01
  1.202e-01   2.563e+00   6.425e-01
  1.189e-01   2.603e+00   7.247e-01
  1.175e-01   2.638e+00   8.092e-01
  1.161e-01   2.670e+00   9.035e-01
  1.148e-01   2.698e+00   1.026e+00
  1.135e-01   2.775e+00   1.237e+00
  1.122e-01   2.793e+00   1.449e+00
  1.109e-01   2.742e+00   1.661e+00
  1.096e-01   2.513e+00   1.825e+00
  1.084e-01   2.229e+00   1.943e+00
  1.072e-01   1.962e+00   1.978e+00
  1.059e-01   1.779e+00   1.933e+00
  1.047e-01   1.640e+00   1.846e+00
  1.035e-01   1.547e+00   1.771e+00
  1.023e-01   1.485e+00   1.703e+00
  1.012e-01   1.437e+00   1.669e+00
  1.000e-01   1.389e+00   1.648e+00
  9.886e-02   1.311e+00   1.636e+00
  9.772e-02   1.227e+00   1.615e+00
  9.661e-02   1.145e+00   1.560e+00
  9.550e-02   1.077e+00   1.491e+00
  9.441e-02   1.040e+00   1.426e+00
  9.333e-02   1.019e+00   1.367e+00
  9.226e-02   9.950e-01   1.322e+00
  9.120e-02   9.720e-01   1.279e+00
  9.016e-02   9.486e-01   1.224e+00
  8.913e-02   9.307e-01   1.174e+00
  8.810e-02   9.275e-01   1.128e+00
  8.710e-02   9.364e-01   1.086e+00
  8.610e-02   9.450e-01   1.049e+00
  8.511e-02   9.532e-01   1.018e+00
  8.414e-02   9.611e-01   9.914e-01
  8.318e-02   9.686e-01   9.704e-01
  8.222e-02   9.772e-01   9.584e-01
  8.128e-02   9.854e-01   9.542e-01
  8.035e-02   9.905e-01   9.533e-01
  7.943e-02   9.925e-01   9.559e-01
  7.852e-02   9.913e-01   9.621e-01
  7.762e-02   9.869e-01   9.719e-01
  7.674e-02   9.688e-01   9.847e-01
  7.586e-02   9.453e-01   9.948e-01
  7.499e-02   9.182e-01   1.002e+00
  7.413e-02   8.873e-01   1.005e+00
  7.328e-02   8.524e-01   1.005e+00
  7.244e-02   8.127e-01   9.894e-01
  7.161e-02   7.733e-01   9.608e-01
  7.079e-02   7.363e-01   9.274e-01
  6.998e-02   7.017e-01   8.892e-01
  6.918e-02   6.698e-01   8.458e-01
  6.839e-02   6.502e-01   8.013e-01
  6.761e-02   6.415e-01   7.593e-01
  6.683e-02   6.385e-01   7.184e-01
  6.607e-02   6.413e-01   6.787e-01
  6.531e-02   6.502e-01   6.402e-01
  6.457e-02   6.652e-01   6.081e-01
  6.383e-02   6.817e-01   5.810e-01
  6.310e-02   6.997e-01   5.586e-01
  6.237e-02   7.191e-01   5.413e-01
  6.166e-02   7.378e-01   5.338e-01
  6.095e-02   7.518e-01   5.345e-01
  6.026e-02   7.624e-01   5.374e-01
  5.957e-02   7.696e-01   5.426e-01
  5.888e-02   7.707e-01   5.481e-01
  5.821e-02   7.612e-01   5.461e-01
  5.754e-02   7.496e-01   5.414e-01
  5.689e-02   7.358e-01   5.339e-01
  5.623e-02   7.211e-01   5.223e-01
  5.559e-02   7.122e-01   5.041e-01
  5.495e-02   7.054e-01   4.847e-01
  5.432e-02   7.008e-01   4.643e-01
  5.370e-02   6.999e-01   4.449e-01
  5.309e-02   7.035e-01   4.303e-01
  5.248e-02   7.083e-01   4.169e-01
  5.188e-02   7.143e-01   4.048e-01
  5.129e-02   7.184e-01   3.936e-01
  5.070e-02   7.206e-01   3.828e-01
  5.012e-02   7.224e-01   3.724e-01
  4.955e-02   7.239e-01   3.625e-01
  4.898e-02   7.260e-01   3.525e-01
  4.842e-02   7.281e-01   3.427e-01
  4.786e-02   7.304e-01   3.331e-01
  4.732e-02   7.326e-01   3.237e-01
  4.677e-02   7.349e-01   3.145e-01
  4.624e-02   7.373e-01   3.055e-01
  4.571e-02   7.397e-01   2.967e-01
  4.519e-02   7.422e-01   2.881e-01
  4.467e-02   7.448e-01   2.797e-01
  4.416e-02   7.474e-01   2.715e-01
  4.365e-02   7.502e-01   2.635e-01
  4.315e-02   7.529e-01   2.557e-01
  4.266e-02   7.557e-01   2.480e-01
  4.217e-02   7.586e-01   2.406e-01
  4.169e-02   7.614e-01   2.334e-01
  4.121e-02   7.643e-01   2.264e-01
  4.074e-02   7.673e-01   2.195e-01
  4.027e-02   7.704e-01   2.127e-01
  3.981e-02   7.734e-01   2.062e-01
  3.935e-02   7.764e-01   1.999e-01
  3.890e-02   7.795e-01   1.937e-01
  3.846e-02   7.826e-01   1.876e-01
  3.802e-02   7.857e-01   1.818e-01
  3.758e-02   7.888e-01   1.761e-01
  3.715e-02   7.919e-01   1.705e-01
  3.673e-02   7.950e-01   1.652e-01
  3.631e-02   7.982e-01   1.599e-01
  3.589e-02   8.013e-01   1.548e-01
  3.548e-02   8.045e-01   1.499e-01
  3.508e-02   8.076e-01   1.451e-01
  3.467e-02   8.107e-01   1.405e-01
  3.428e-02   8.138e-01   1.360e-01
  3.388e-02   8.168e-01   1.316e-01
  3.350e-02   8.199e-01   1.274e-01
  3.311e-02   8.229e-01   1.233e-01
  3.273e-02   8.259e-01   1.193e-01
  3.236e-02   8.289e-01   1.154e-01
  3.199e-02   8.319e-01   1.117e-01
  3.162e-02   8.348e-01   1.081e-01
  3.126e-02   8.378e-01   1.045e-01
  3.090e-02   8.406e-01   1.011e-01
  3.055e-02   8.435e-01   9.782e-02
  3.020e-02   8.463e-01   9.460e-02
  2.985e-02   8.491e-01   9.147e-02
  2.951e-02   8.519e-01   8.844e-02
  2.917e-02   8.546e-01   8.552e-02
  2.884e-02   8.574e-01   8.268e-02
  2.851e-02   8.601e-01   7.994e-02
  2.818e-02   8.628e-01   7.730e-02
  2.786e-02   8.653e-01   7.474e-02
  2.754e-02   8.679e-01   7.227e-02
  2.723e-02   8.704e-01   6.987e-02
  2.692e-02   8.729e-01   6.756e-02
  2.661e-02   8.753e-01   6.531e-02
  2.630e-02   8.778e-01   6.313e-02
  2.600e-02   8.801e-01   6.102e-02
  2.570e-02   8.825e-01   5.898e-02
  2.541e-02   8.848e-01   5.700e-02
  2.512e-02   8.871e-01   5.508e-02
  2.483e-02   8.893e-01   5.322e-02
  2.455e-02   8.916e-01   5.142e-02
  2.427e-02   8.938e-01   4.968e-02
  2.399e-02   8.959e-01   4.800e-02
  2.371e-02   8.980e-01   4.638e-02
  2.344e-02   9.001e-01   4.481e-02
  2.317e-02   9.021e-01   4.329e-02
  2.291e-02   9.041e-01   4.182e-02
  2.265e-02   9.061e-01   4.039e-02
  2.239e-02   9.080e-01   3.901e-02
  2.213e-02   9.099e-01   3.768e-02
  2.188e-02   9.118e-01   3.640e-02
  2.163e-02   9.136e-01   3.516e-02
  2.138e-02   9.154e-01   3.396e-02
  2.113e-02   9.172e-01   3.280e-02
  2.089e-02   9.189e-01   3.167e-02
  2.065e-02   9.206e-01   3.058e-02
  2.042e-02   9.223e-01   2.954e-02
  2.018e-02   9.239e-01   2.853e-02
  1.995e-02   9.255e-01   2.755e-02
  1.972e-02   9.271e-01   2.659e-02
  1.950e-02   9.287e-01   2.566e-02
  1.928e-02   9.302e-01   2.476e-02
  1.905e-02   9.317e-01   2.389e-02
  1.884e-02   9.332e-01   2.306e-02
  1.862e-02   9.346e-01   2.226e-02
  1.841e-02   9.360e-01   2.148e-02
  1.820e-02   9.374e-01   2.073e-02
  1.799e-02   9.388e-01   2.001e-02
  1.778e-02   9.401e-01   1.931e-02
  1.758e-02   9.414e-01   1.864e-02
  1.738e-02   9.427e-01   1.799e-02
  1.718e-02   9.440e-01   1.735e-02
  1.698e-02   9.452e-01   1.674e-02
  1.679e-02   9.464e-01   1.615e-02
  1.660e-02   9.476e-01   1.559e-02
  1.641e-02   9.488e-01   1.504e-02
  1.622e-02   9.499e-01   1.451e-02
  1.603e-02   9.510e-01   1.399e-02
  1.585e-02   9.521e-01   1.349e-02
  1.567e-02   9.532e-01   1.301e-02
  1.549e-02   9.542e-01   1.255e-02
  1.531e-02   9.552e-01   1.211e-02
  1.514e-02   9.562e-01   1.168e-02
  1.496e-02   9.572e-01   1.126e-02
  1.479e-02   9.582e-01   1.086e-02
  1.462e-02   9.591e-01   1.047e-02
  1.445e-02   9.600e-01   1.010e-02
  1.429e-02   9.609e-01   9.735e-03
  1.413e-02   9.618e-01   9.385e-03
  1.396e-02   9.627e-01   9.049e-03
  1.380e-02   9.635e-01   8.725e-03
  1.365e-02   9.644e-01   8.413e-03
  1.349e-02   9.652e-01   8.109e-03
  1.334e-02   9.660e-01   7.817e-03
  1.318e-02   9.668e-01   7.535e-03
  1.303e-02   9.675e-01   7.264e-03
  1.288e-02   9.683e-01   7.005e-03
  1.274e-02   9.690e-01   6.752e-03
  1.259e-02   9.697e-01   6.506e-03
  1.245e-02   9.704e-01   6.268e-03
  1.230e-02   9.711e-01   6.045e-03
  1.216e-02   9.718e-01   5.830e-03
  1.202e-02   9.724e-01   5.621e-03
  1.189e-02   9.730e-01   5.417e-03
  1.175e-02   9.737e-01   5.218e-03
  1.161e-02   9.743e-01   5.026e-03
  1.148e-02   9.749e-01   4.839e-03
  1.135e-02   9.755e-01   4.659e-03
  1.122e-02   9.761e-01   4.487e-03
  1.109e-02   9.766e-01   4.322e-03
  1.096e-02   9.772e-01   4.163e-03
  1.084e-02   9.777e-01   4.009e-03
  1.072e-02   9.783e-01   3.861e-03
  1.059e-02   9.788e-01   3.718e-03
  1.047e-02   9.793e-01   3.582e-03
  1.035e-02   9.798e-01   3.452e-03
  1.023e-02   9.803e-01   3.325e-03
  1.012e-02   9.807e-01   3.202e-03
  1.000e-02   9.812e-01   3.083e-03
  9.886e-03   9.816e-01   2.968e-03
  9.772e-03   9.821e-01   2.857e-03
  9.661e-03   9.825e-01   2.751e-03
  9.550e-03   9.829e-01   2.650e-03
  9.441e-03   9.834e-01   2.552e-03
  9.333e-03   9.838e-01   2.457e-03
  9.226e-03   9.842e-01   2.365e-03
  9.120e-03   9.845e-01   2.276e-03
  9.016e-03   9.849e-01   2.191e-03
  8.913e-03   9.853e-01   2.109e-03
  8.810e-03   9.857e-01   2.031e-03
  8.710e-03   9.860e-01   1.955e-03
  8.610e-03   9.864e-01   1.882e-03
  8.511e-03   9.867e-01   1.811e-03
  8.414e-03   9.870e-01   1.743e-03
  8.318e-03   9.874e-01   1.678e-03
  8.222e-03   9.877e-01   1.616e-03
  8.128e-03   9.880e-01   1.555e-03
  8.035e-03   9.883e-01   1.496e-03
  7.943e-03   9.886e-01   1.440e-03
  7.852e-03   9.889e-01   1.386e-03
  7.762e-03   9.892e-01   1.334e-03
  7.674e-03   9.895e-01   1.283e-03
  7.586e-03   9.897e-01   1.234e-03
  7.499e-03   9.900e-01   1.187e-03
  7.413e-03   9.903e-01   1.142e-03
  7.328e-03   9.905e-01   1.099e-03
  7.244e-03   9.908e-01   1.058e-03
  7.161e-03   9.910e-01   1.018e-03
  7.079e-03   9.913e-01   9.796e-04
  6.998e-03   9.915e-01   9.425e-04
  6.918e-03   9.917e-01   9.067e-04
  6.839e-03   9.920e-01   8.724e-04
  6.761e-03   9.922e-01   8.394e-04
  6.683e-03   9.924e-01   8.074e-04
  6.607e-03   9.926e-01   7.764e-04
  6.531e-03   9.928e-01   7.466e-04
  6.457e-03   9.930e-01   7.184e-04
  6.383e-03   9.932e-01   6.910e-04
  6.310e-03   9.934e-01   6.644e-04
  6.237e-03   9.936e-01   6.387e-04
  6.166e-03   9.938e-01   6.145e-04
  6.095e-03   9.940e-01   5.917e-04
  6.026e-03   9.942e-01   5.694e-04
  5.957e-03   9.944e-01   5.477e-04
  5.888e-03   9.946e-01   5.266e-04
  5.821e-03   9.948e-01   5.062e-04
  5.754e-03   9.949e-01   4.865e-04
  5.689e-03   9.951e-01   4.674e-04
  5.623e-03   9.953e-01   4.492e-04
  5.559e-03   9.955e-01   4.319e-04
  5.495e-03   9.956e-01   4.152e-04
  5.433e-03   9.958e-01   3.990e-04
  5.370e-03   9.960e-01   3.835e-04
  5.309e-03   9.961e-01   3.686e-04
  5.248e-03   9.963e-01   3.544e-04
  5.188e-03   9.965e-01   3.409e-04
  5.129e-03   9.966e-01   3.278e-04
  5.070e-03   9.968e-01   3.151e-04
  5.012e-03   9.969e-01   3.028e-04
  4.954e-03   9.971e-01   2.909e-04
  4.898e-03   9.973e-01   2.796e-04
  4.842e-03   9.976e-01   2.688e-04
  4.786e-03   9.979e-01   2.585e-04
  4.732e-03   9.983e-01   2.483e-04
  4.677e-03   9.989e-01   2.384e-04
  4.624e-03   9.995e-01   2.289e-04
  4.571e-03   1.000e+00   2.198e-04
  4.519e-03   1.001e+00   2.112e-04
  4.467e-03   1.002e+00   2.031e-04
  4.416e-03   1.002e+00   4.451e-03
  4.365e-03   1.001e+00   4.313e-03
  4.315e-03   1.000e+00   4.181e-03
  4.266e-03   9.997e-01   4.051e-03
  4.217e-03   9.990e-01   3.923e-03
  4.169e-03   9.984e-01   3.797e-03
  4.121e-03   9.979e-01   3.675e-03
  4.074e-03   9.977e-01   3.555e-03
  4.027e-03   9.975e-01   3.438e-03
  3.981e-03   9.974e-01   3.324e-03
  3.935e-03   9.974e-01   3.212e-03
  3.890e-03   9.974e-01   3.104e-03
  3.846e-03   9.974e-01   2.999e-03
  3.802e-03   9.973e-01   2.897e-03
  3.758e-03   9.973e-01   2.797e-03
  3.715e-03   9.973e-01   2.700e-03
  3.673e-03   9.972e-01   2.607e-03
  3.631e-03   9.972e-01   2.516e-03
  3.589e-03   9.972e-01   2.428e-03
  3.548e-03   9.972e-01   2.342e-03
  3.508e-03   9.972e-01   2.259e-03
  3.467e-03   9.973e-01   2.178e-03
  3.428e-03   9.973e-01   2.100e-03
  3.388e-03   9.973e-01   2.025e-03
  3.350e-03   9.973e-01   1.951e-03
  3.311e-03   9.973e-01   1.880e-03
  3.273e-03   9.974e-01   1.812e-03
  3.236e-03   9.974e-01   1.747e-03
  3.199e-03   9.974e-01   1.683e-03
  3.162e-03   9.974e-01   1.621e-03
  3.126e-03   9.975e-01   1.561e-03
  3.090e-03   9.975e-01   1.503e-03
  3.055e-03   9.975e-01   1.449e-03
  3.020e-03   9.976e-01   1.397e-03
  2.985e-03   9.976e-01   1.345e-03
  2.951e-03   9.976e-01   1.295e-03
  2.917e-03   9.977e-01   1.246e-03
  2.884e-03   9.977e-01   1.198e-03
  2.851e-03   9.977e-01   1.152e-03
  2.818e-03   9.978e-01   1.107e-03
  2.786e-03   9.978e-01   1.063e-03
  2.754e-03   9.978e-01   1.021e-03
  2.723e-03   9.979e-01   9.814e-04
  2.692e-03   9.979e-01   9.432e-04
  2.661e-03   9.980e-01   9.062e-04
  2.630e-03   9.980e-01   8.705e-04
  2.600e-03   9.980e-01   8.360e-04
  2.570e-03   9.981e-01   8.030e-04
  2.541e-03   9.981e-01   7.714e-04
  2.512e-03   9.981e-01   7.412e-04
  2.483e-03   9.982e-01   7.126e-04
  2.455e-03   9.982e-01   6.846e-04
  2.427e-03   9.982e-01   6.574e-04
  2.399e-03   9.983e-01   6.310e-04
  2.371e-03   9.983e-01   6.056e-04
  2.344e-03   9.983e-01   5.812e-04
  2.317e-03   9.984e-01   5.579e-04
  2.291e-03   9.984e-01   5.356e-04
  2.265e-03   9.984e-01   5.144e-04
  2.239e-03   9.985e-01   4.940e-04
  2.213e-03   9.985e-01   4.740e-04
  2.188e-03   9.985e-01   4.547e-04
  2.163e-03   9.986e-01   4.361e-04
  2.138e-03   9.986e-01   4.183e-04
  2.113e-03   9.986e-01   4.012e-04
  2.089e-03   9.987e-01   3.850e-04
  2.065e-03   9.987e-01   3.695e-04
  2.042e-03   9.987e-01   3.545e-04
  2.018e-03   9.987e-01   3.399e-04
  1.995e-03   9.988e-01   3.258e-04
  1.972e-03   9.988e-01   3.123e-04
  1.950e-03   9.988e-01   2.994e-04
  1.928e-03   9.988e-01   2.871e-04
  1.905e-03   9.989e-01   2.754e-04
  1.884e-03   9.989e-01   2.640e-04
  1.862e-03   9.989e-01   2.530e-04
  1.841e-03   9.989e-01   2.425e-04
  1.820e-03   9.990e-01   2.323e-04
  1.799e-03   9.990e-01   2.226e-04
  1.778e-03   9.990e-01   2.134e-04
  1.758e-03   9.990e-01   2.045e-04
  1.738e-03   9.991e-01   1.960e-04
  1.718e-03   9.991e-01   1.877e-04
  1.698e-03   9.991e-01   1.798e-04
  1.679e-03   9.991e-01   1.722e-04
  1.660e-03   9.991e-01   1.651e-04
  1.641e-03   9.992e-01   1.581e-04
  1.622e-03   9.992e-01   1.515e-04
  1.603e-03   9.992e-01   1.450e-04
  1.585e-03   9.992e-01   1.389e-04
  1.567e-03   9.992e-01   1.330e-04
  1.549e-03   9.992e-01   1.274e-04
  1.531e-03   9.993e-01   1.220e-04
  1.514e-03   9.993e-01   1.168e-04
  1.496e-03   9.993e-01   1.118e-04
  1.479e-03   9.993e-01   1.071e-04
  1.462e-03   9.993e-01   1.025e-04
  1.445e-03   9.993e-01   9.816e-05
  1.429e-03   9.994e-01   9.395e-05
  1.413e-03   9.994e-01   8.991e-05
  1.396e-03   9.994e-01   8.605e-05
  1.380e-03   9.994e-01   8.238e-05
  1.365e-03   9.994e-01   7.885e-05
  1.349e-03   9.994e-01   7.547e-05
  1.334e-03   9.994e-01   7.222e-05
  1.318e-03   9.995e-01   6.912e-05
  1.303e-03   9.995e-01   6.617e-05
  1.288e-03   9.995e-01   6.337e-05
  1.274e-03   9.995e-01   6.065e-05
  1.259e-03   9.995e-01   5.802e-05
  1.245e-03   9.995e-01   5.549e-05
  1.230e-03   9.995e-01   5.314e-05
  1.216e-03   9.995e-01   5.091e-05
  1.202e-03   9.995e-01   4.874e-05
  1.189e-03   9.996e-01   4.664e-05
  1.175e-03   9.996e-01   4.460e-05
  1.161e-03   9.996e-01   4.263e-05
  1.148e-03   9.996e-01   4.074e-05
  1.135e-03   9.996e-01   3.893e-05
  1.122e-03   9.996e-01   3.721e-05
  1.109e-03   9.996e-01   3.559e-05
  1.096e-03   9.996e-01   3.403e-05
  1.084e-03   9.996e-01   3.253e-05
  1.072e-03   9.996e-01   3.110e-05
  1.059e-03   9.997e-01   2.974e-05
  1.047e-03   9.997e-01   2.845e-05
  1.035e-03   9.997e-01   2.723e-05
  1.023e-03   9.997e-01   2.605e-05
  1.012e-03   9.997e-01   2.491e-05
  1.000e-03   9.997e-01   2.381e-05
