  1.000e+03   7.398e+01   1.029e+02
  9.886e+02   7.332e+01   1.023e+02
  9.772e+02   7.266e+01   1.017e+02
  9.661e+02   7.200e+01   1.012e+02
  9.550e+02   7.134e+01   1.006e+02
  9.441e+02   7.069e+01   1.001e+02
  9.333e+02   7.004e+01   9.953e+01
  9.226e+02   6.939e+01   9.898e+01
  9.120e+02   6.875e+01   9.843e+01
  9.016e+02   6.811e+01   9.789e+01
  8.913e+02   6.747e+01   9.734e+01
  8.810e+02   6.683e+01   9.680e+01
  8.710e+02   6.620e+01   9.626e+01
  8.610e+02   6.557e+01   9.571e+01
  8.511e+02   6.494e+01   9.517e+01
  8.414e+02   6.431e+01   9.463e+01
  8.318e+02   6.369e+01   9.410e+01
  8.222e+02   6.307e+01   9.356e+01
  8.128e+02   6.245e+01   9.302e+01
  8.035e+02   6.183e+01   9.249e+01
  7.943e+02   6.122e+01   9.195e+01
  7.852e+02   6.061e+01   9.142e+01
  7.762e+02   6.000e+01   9.089e+01
  7.674e+02   5.940e+01   9.036e+01
  7.586e+02   5.879e+01   8.983e+01
  7.499e+02   5.819e+01   8.930e+01
  7.413e+02   5.760e+01   8.877e+01
  7.328e+02   5.700e+01   8.824e+01
  7.244e+02   5.641e+01   8.771e+01
  7.161e+02   5.582e+01   8.719e+01
  7.079e+02   5.524e+01   8.666e+01
  6.998e+02   5.465e+01   8.613e+01
  6.918e+02   5.407e+01   8.561e+01
  6.839e+02   5.349e+01   8.508e+01
  6.761e+02   5.292e+01   8.456e+01
  6.683e+02   5.235e+01   8.404e+01
  6.607e+02   5.178e+01   8.351e+01
  6.531e+02   5.121e+01   8.299e+01
  6.457e+02   5.065e+01   8.247e+01
  6.383e+02   5.009e+01   8.194e+01
  6.310e+02   4.953e+01   8.142e+01
  6.237e+02   4.898e+01   8.090e+01
  6.166e+02   4.843e+01   8.038e+01
  6.095e+02   4.788e+01   7.986e+01
  6.026e+02   4.733e+01   7.934e+01
  5.957e+02   4.679e+01   7.882e+01
  5.888e+02   4.625e+01   7.830e+01
  5.821e+02   4.572e+01   7.778e+01
  5.754e+02   4.518e+01   7.725e+01
  5.689e+02   4.466e+01   7.673e+01
  5.623e+02   4.413e+01   7.621e+01
  5.559e+02   4.361e+01   7.569e+01
  5.495e+02   4.309e+01   7.517e+01
  5.433e+02   4.257e+01   7.465e+01
  5.370e+02   4.206e+01   7.413e+01
  5.309e+02   4.155e+01   7.361e+01
  5.248e+02   4.104e+01   7.309e+01
  5.188e+02   4.054e+01   7.257e+01
  5.129e+02   4.004e+01   7.205e+01
  5.070e+02   3.954e+01   7.153e+01
  5.012e+02   3.905e+01   7.101e+01
  4.955e+02   3.856e+01   7.049e+01
  4.898e+02   3.808e+01   6.997e+01
  4.842e+02   3.760e+01   6.945e+01
  4.786e+02   3.712e+01   6.893e+01
  4.732e+02   3.664e+01   6.841e+01
  4.677e+02   3.617e+01   6.789e+01
  4.624e+02   3.571e+01   6.737e+01
  4.571e+02   3.524e+01   6.685e+01
  4.519e+02   3.478e+01   6.633e+01
  4.467e+02   3.433e+01   6.581e+01
  4.416e+02   3.388e+01   6.528e+01
  4.365e+02   3.343e+01   6.476e+01
  4.315e+02   3.299e+01   6.424e+01
  4.266e+02   3.255e+01   6.372e+01
  4.217e+02   3.211e+01   6.320e+01
  4.169e+02   3.168e+01   6.268e+01
  4.121e+02   3.125e+01   6.215e+01
  4.074e+02   3.083e+01   6.163e+01
  4.027e+02   3.041e+01   6.111e+01
  3.981e+02   2.999e+01   6.059e+01
  3.936e+02   2.958e+01   6.007e+01
  3.890e+02   2.917e+01   5.954e+01
  3.846e+02   2.877e+01   5.902e+01
  3.802e+02   2.837e+01   5.850e+01
  3.758e+02   2.797e+01   5.798e+01
  3.715e+02   2.758e+01   5.746e+01
  3.673e+02   2.719e+01   5.693e+01
  3.631e+02   2.681e+01   5.641e+01
  3.589e+02   2.643e+01   5.589e+01
  3.548e+02   2.606e+01   5.537e+01
  3.508e+02   2.569e+01   5.484e+01
  3.467e+02   2.532e+01   5.432e+01
  3.428e+02   2.496e+01   5.380e+01
  3.388e+02   2.461e+01   5.328e+01
  3.350e+02   2.425e+01   5.276e+01
  3.311e+02   2.391e+01   5.223e+01
  3.273e+02   2.356e+01   5.171e+01
  3.236e+02   2.322e+01   5.119e+01
  3.199e+02   2.289e+01   5.067e+01
  3.162e+02   2.256e+01   5.015e+01
  3.126e+02   2.223e+01   4.963e+01
  3.090e+02   2.191e+01   4.911e+01
  3.055e+02   2.160e+01   4.858e+01
  3.020e+02   2.129e+01   4.806e+01
  2.985e+02   2.098e+01   4.754e+01
  2.951e+02   2.067e+01   4.702e+01
  2.917e+02   2.038e+01   4.650e+01
  2.884e+02   2.008e+01   4.598e+01
  2.851e+02   1.979e+01   4.546e+01
  2.818e+02   1.951e+01   4.494e+01
  2.786e+02   1.923e+01   4.442e+01
  2.754e+02   1.895e+01   4.390e+01
  2.723e+02   1.868e+01   4.338e+01
  2.692e+02   1.842e+01   4.286e+01
  2.661e+02   1.816e+01   4.234e+01
  2.630e+02   1.790e+01   4.182e+01
  2.600e+02   1.765e+01   4.130e+01
  2.570e+02   1.740e+01   4.078e+01
  2.541e+02   1.716e+01   4.026e+01
  2.512e+02   1.692e+01   3.974e+01
  2.483e+02   1.669e+01   3.922e+01
  2.455e+02   1.646e+01   3.869e+01
  2.427e+02   1.624e+01   3.817e+01
  2.399e+02   1.602e+01   3.765e+01
  2.371e+02   1.580e+01   3.713e+01
  2.344e+02   1.560e+01   3.661e+01
  2.317e+02   1.539e+01   3.609e+01
  2.291e+02   1.519e+01   3.557e+01
  2.265e+02   1.500e+01   3.504e+01
  2.239e+02   1.481e+01   3.452e+01
  2.213e+02   1.463e+01   3.400e+01
  2.188e+02   1.445e+01   3.347e+01
  2.163e+02   1.428e+01   3.295e+01
  2.138e+02   1.412e+01   3.242e+01
  2.113e+02   1.396e+01   3.189e+01
  2.089e+02   1.380e+01   3.136e+01
  2.065e+02   1.365e+01   3.083e+01
  2.042e+02   1.351e+01   3.030e+01
  2.018e+02   1.338e+01   2.977e+01
  1.995e+02   1.325e+01   2.924e+01
  1.972e+02   1.312e+01   2.870e+01
  1.950e+02   1.301e+01   2.816e+01
  1.928e+02   1.290e+01   2.762e+01
  1.905e+02   1.280e+01   2.708e+01
  1.884e+02   1.270e+01   2.654e+01
  1.862e+02   1.262e+01   2.599e+01
  1.841e+02   1.254e+01   2.544e+01
  1.820e+02   1.247e+01   2.489e+01
  1.799e+02   1.241e+01   2.434e+01
  1.778e+02   1.236e+01   2.378e+01
  1.758e+02   1.232e+01   2.323e+01
  1.738e+02   1.229e+01   2.267e+01
  1.718e+02   1.227e+01   2.210e+01
  1.698e+02   1.227e+01   2.154e+01
  1.679e+02   1.228e+01   2.097e+01
  1.660e+02   1.230e+01   2.041e+01
  1.641e+02   1.234e+01   1.984e+01
  1.622e+02   1.240e+01   1.927e+01
  1.603e+02   1.247e+01   1.869e+01
  1.585e+02   1.256e+01   1.812e+01
  1.567e+02   1.267e+01   1.755e+01
  1.549e+02   1.280e+01   1.698e+01
  1.531e+02   1.295e+01   1.642e+01
  1.514e+02   1.312e+01   1.586e+01
  1.496e+02   1.332e+01   1.530e+01
  1.479e+02   1.354e+01   1.476e+01
  1.462e+02   1.379e+01   1.422e+01
  1.445e+02   1.406e+01   1.370e+01
  1.429e+02   1.436e+01   1.319e+01
  1.413e+02   1.468e+01   1.271e+01
  1.396e+02   1.502e+01   1.224e+01
  1.380e+02   1.538e+01   1.179e+01
  1.365e+02   1.576e+01   1.137e+01
  1.349e+02   1.615e+01   1.098e+01
  1.334e+02   1.656e+01   1.062e+01
  1.318e+02   1.698e+01   1.029e+01
  1.303e+02   1.741e+01   9.993e+00
  1.288e+02   1.784e+01   9.723e+00
  1.274e+02   1.828e+01   9.483e+00
  1.259e+02   1.872e+01   9.271e+00
  1.245e+02   1.916e+01   9.085e+00
  1.230e+02   1.959e+01   8.933e+00
  1.216e+02   2.002e+01   8.810e+00
  1.202e+02   2.044e+01   8.713e+00
  1.189e+02   2.086e+01   8.641e+00
  1.175e+02   2.127e+01   8.589e+00
  1.161e+02   2.167e+01   8.555e+00
  1.148e+02   2.206e+01   8.545e+00
  1.135e+02   2.243e+01   8.559e+00
  1.122e+02   2.280e+01   8.600e+00
  1.109e+02   2.315e+01   8.667e+00
  1.096e+02   2.349e+01   8.753e+00
  1.084e+02   2.382e+01   8.857e+00
  1.072e+02   2.412e+01   8.979e+00
  1.059e+02   2.442e+01   9.119e+00
  1.047e+02   2.469e+01   9.275e+00
  1.035e+02   2.495e+01   9.448e+00
  1.023e+02   2.518e+01   9.620e+00
  1.012e+02   2.539e+01   9.798e+00
  1.000e+02   2.557e+01   9.984e+00
  9.886e+01   2.572e+01   1.017e+01
  9.772e+01   2.586e+01   1.034e+01
  9.661e+01   2.599e+01   1.052e+01
  9.550e+01   2.611e+01   1.070e+01
  9.441e+01   2.622e+01   1.087e+01
  9.333e+01   2.633e+01   1.104e+01
  9.226e+01   2.643e+01   1.121e+01
  9.120e+01   2.652e+01   1.138e+01
  9.016e+01   2.661e+01   1.155e+01
  8.913e+01   2.670e+01   1.173e+01
  8.810e+01   2.678e+01   1.192e+01
  8.710e+01   2.686e+01   1.212e+01
  8.610e+01   2.694e+01   1.233e+01
  8.511e+01   2.699e+01   1.255e+01
  8.414e+01   2.702e+01   1.278e+01
  8.318e+01   2.704e+01   1.300e+01
  8.222e+01   2.704e+01   1.323e+01
  8.128e+01   2.703e+01   1.347e+01
  8.035e+01   2.701e+01   1.370e+01
  7.943e+01   2.697e+01   1.393e+01
  7.852e+01   2.691e+01   1.416e+01
  7.762e+01   2.685e+01   1.439e+01
  7.674e+01   2.677e+01   1.461e+01
  7.586e+01   2.668e+01   1.481e+01
  7.499e+01   2.658e+01   1.502e+01
  7.413e+01   2.648e+01   1.522e+01
  7.328e+01   2.637e+01   1.543e+01
  7.244e+01   2.625e+01   1.562e+01
  7.161e+01   2.613e+01   1.582e+01
  7.079e+01   2.600e+01   1.601e+01
  6.998e+01   2.585e+01   1.620e+01
  6.918e+01   2.571e+01   1.638e+01
  6.839e+01   2.555e+01   1.656e+01
  6.761e+01   2.538e+01   1.674e+01
  6.683e+01   2.521e+01   1.692e+01
  6.607e+01   2.504e+01   1.709e+01
  6.531e+01   2.486e+01   1.725e+01
  6.457e+01   2.467e+01   1.742e+01
  6.383e+01   2.447e+01   1.758e+01
  6.310e+01   2.426e+01   1.774e+01
  6.237e+01   2.405e+01   1.789e+01
  6.166e+01   2.383e+01   1.803e+01
  6.095e+01   2.360e+01   1.817e+01
  6.026e+01   2.336e+01   1.830e+01
  5.957e+01   2.312e+01   1.842e+01
  5.888e+01   2.288e+01   1.855e+01
  5.821e+01   2.263e+01   1.867e+01
  5.754e+01   2.237e+01   1.878e+01
  5.689e+01   2.211e+01   1.889e+01
  5.623e+01   2.184e+01   1.899e+01
  5.559e+01   2.156e+01   1.908e+01
  5.495e+01   2.127e+01   1.916e+01
  5.433e+01   2.099e+01   1.923e+01
  5.370e+01   2.070e+01   1.929e+01
  5.309e+01   2.041e+01   1.935e+01
  5.248e+01   2.011e+01   1.940e+01
  5.188e+01   1.982e+01   1.945e+01
  5.129e+01   1.951e+01   1.949e+01
  5.070e+01   1.919e+01   1.952e+01
  5.012e+01   1.888e+01   1.954e+01
  4.955e+01   1.854e+01   1.952e+01
  4.898e+01   1.819e+01   1.949e+01
  4.842e+01   1.785e+01   1.944e+01
  4.786e+01   1.752e+01   1.939e+01
  4.732e+01   1.720e+01   1.934e+01
  4.677e+01   1.688e+01   1.927e+01
  4.624e+01   1.657e+01   1.919e+01
  4.571e+01   1.627e+01   1.911e+01
  4.519e+01   1.598e+01   1.901e+01
  4.467e+01   1.570e+01   1.890e+01
  4.416e+01   1.544e+01   1.877e+01
  4.365e+01   1.518e+01   1.864e+01
  4.315e+01   1.492e+01   1.851e+01
  4.266e+01   1.468e+01   1.837e+01
  4.217e+01   1.444e+01   1.823e+01
  4.169e+01   1.421e+01   1.808e+01
  4.121e+01   1.400e+01   1.793e+01
  4.074e+01   1.379e+01   1.779e+01
  4.027e+01   1.358e+01   1.764e+01
  3.981e+01   1.338e+01   1.750e+01
  3.936e+01   1.318e+01   1.736e+01
  3.890e+01   1.299e+01   1.722e+01
  3.846e+01   1.280e+01   1.707e+01
  3.802e+01   1.261e+01   1.693e+01
  3.758e+01   1.243e+01   1.678e+01
  3.715e+01   1.225e+01   1.664e+01
  3.673e+01   1.208e+01   1.649e+01
  3.631e+01   1.191e+01   1.635e+01
  3.589e+01   1.174e+01   1.620e+01
  3.548e+01   1.158e+01   1.605e+01
  3.508e+01   1.142e+01   1.591e+01
  3.467e+01   1.126e+01   1.576e+01
  3.428e+01   1.110e+01   1.561e+01
  3.388e+01   1.095e+01   1.546e+01
  3.350e+01   1.081e+01   1.531e+01
  3.311e+01   1.067e+01   1.515e+01
  3.273e+01   1.053e+01   1.500e+01
  3.236e+01   1.039e+01   1.485e+01
  3.199e+01   1.026e+01   1.469e+01
  3.162e+01   1.013e+01   1.454e+01
  3.126e+01   1.001e+01   1.438e+01
  3.090e+01   9.889e+00   1.423e+01
  3.055e+01   9.773e+00   1.407e+01
  3.020e+01   9.662e+00   1.392e+01
  2.985e+01   9.554e+00   1.376e+01
  2.951e+01   9.449e+00   1.361e+01
  2.917e+01   9.346e+00   1.346e+01
  2.884e+01   9.246e+00   1.331e+01
  2.851e+01   9.150e+00   1.316e+01
  2.818e+01   9.057e+00   1.301e+01
  2.786e+01   8.967e+00   1.286e+01
  2.754e+01   8.880e+00   1.271e+01
  2.723e+01   8.793e+00   1.256e+01
  2.692e+01   8.708e+00   1.241e+01
  2.661e+01   8.627e+00   1.226e+01
  2.630e+01   8.549e+00   1.211e+01
  2.600e+01   8.475e+00   1.197e+01
  2.570e+01   8.405e+00   1.182e+01
  2.541e+01   8.338e+00   1.168e+01
  2.512e+01   8.275e+00   1.153e+01
  2.483e+01   8.226e+00   1.138e+01
  2.455e+01   8.192e+00   1.124e+01
  2.427e+01   8.164e+00   1.109e+01
  2.399e+01   8.128e+00   1.097e+01
  2.371e+01   8.091e+00   1.085e+01
  2.344e+01   8.052e+00   1.073e+01
  2.317e+01   8.013e+00   1.062e+01
  2.291e+01   7.973e+00   1.051e+01
  2.265e+01   7.932e+00   1.040e+01
  2.239e+01   7.892e+00   1.029e+01
  2.213e+01   7.851e+00   1.018e+01
  2.188e+01   7.811e+00   1.007e+01
  2.163e+01   7.771e+00   9.961e+00
  2.138e+01   7.733e+00   9.854e+00
  2.113e+01   7.695e+00   9.747e+00
  2.089e+01   7.656e+00   9.639e+00
  2.065e+01   7.619e+00   9.532e+00
  2.042e+01   7.588e+00   9.427e+00
  2.018e+01   7.556e+00   9.321e+00
  1.995e+01   7.529e+00   9.214e+00
  1.972e+01   7.511e+00   9.107e+00
  1.950e+01   7.494e+00   9.005e+00
  1.928e+01   7.477e+00   8.910e+00
  1.905e+01   7.460e+00   8.821e+00
  1.884e+01   7.443e+00   8.737e+00
  1.862e+01   7.424e+00   8.655e+00
  1.841e+01   7.405e+00   8.574e+00
  1.820e+01   7.384e+00   8.495e+00
  1.799e+01   7.363e+00   8.417e+00
  1.778e+01   7.342e+00   8.340e+00
  1.758e+01   7.321e+00   8.265e+00
  1.738e+01   7.301e+00   8.191e+00
  1.718e+01   7.281e+00   8.118e+00
  1.698e+01   7.259e+00   8.045e+00
  1.679e+01   7.237e+00   7.973e+00
  1.660e+01   7.216e+00   7.903e+00
  1.641e+01   7.196e+00   7.834e+00
  1.622e+01   7.176e+00   7.767e+00
  1.603e+01   7.156e+00   7.701e+00
  1.585e+01   7.135e+00   7.636e+00
  1.567e+01   7.115e+00   7.574e+00
  1.549e+01   7.093e+00   7.512e+00
  1.531e+01   7.071e+00   7.452e+00
  1.514e+01   7.048e+00   7.393e+00
  1.496e+01   7.026e+00   7.334e+00
  1.479e+01   7.003e+00   7.275e+00
  1.462e+01   6.979e+00   7.215e+00
  1.445e+01   6.954e+00   7.156e+00
  1.429e+01   6.930e+00   7.098e+00
  1.413e+01   6.906e+00   7.040e+00
  1.396e+01   6.883e+00   6.983e+00
  1.380e+01   6.859e+00   6.926e+00
  1.365e+01   6.836e+00   6.869e+00
  1.349e+01   6.813e+00   6.813e+00
  1.334e+01   6.790e+00   6.756e+00
  1.318e+01   6.768e+00   6.700e+00
  1.303e+01   6.746e+00   6.644e+00
  1.288e+01   6.725e+00   6.589e+00
  1.274e+01   6.704e+00   6.534e+00
  1.259e+01   6.685e+00   6.479e+00
  1.245e+01   6.667e+00   6.423e+00
  1.230e+01   6.652e+00   6.371e+00
  1.216e+01   6.637e+00   6.323e+00
  1.202e+01   6.620e+00   6.276e+00
  1.189e+01   6.603e+00   6.230e+00
  1.175e+01   6.585e+00   6.185e+00
  1.161e+01   6.566e+00   6.141e+00
  1.148e+01   6.547e+00   6.097e+00
  1.135e+01   6.527e+00   6.053e+00
  1.122e+01   6.508e+00   6.010e+00
  1.109e+01   6.488e+00   5.967e+00
  1.096e+01   6.468e+00   5.925e+00
  1.084e+01   6.449e+00   5.883e+00
  1.072e+01   6.429e+00   5.841e+00
  1.059e+01   6.408e+00   5.800e+00
  1.047e+01   6.388e+00   5.760e+00
  1.035e+01   6.368e+00   5.720e+00
  1.023e+01   6.347e+00   5.681e+00
  1.012e+01   6.327e+00   5.642e+00
  1.000e+01   6.308e+00   5.603e+00
  9.886e+00   6.287e+00   5.566e+00
  9.772e+00   6.267e+00   5.529e+00
  9.661e+00   6.246e+00   5.492e+00
  9.550e+00   6.225e+00   5.455e+00
  9.441e+00   6.204e+00   5.419e+00
  9.333e+00   6.182e+00   5.383e+00
  9.226e+00   6.160e+00   5.347e+00
  9.120e+00   6.138e+00   5.310e+00
  9.016e+00   6.116e+00   5.274e+00
  8.913e+00   6.094e+00   5.238e+00
  8.810e+00   6.073e+00   5.203e+00
  8.710e+00   6.051e+00   5.167e+00
  8.610e+00   6.029e+00   5.131e+00
  8.511e+00   6.008e+00   5.096e+00
  8.414e+00   5.987e+00   5.060e+00
  8.318e+00   5.966e+00   5.025e+00
  8.222e+00   5.945e+00   4.989e+00
  8.128e+00   5.924e+00   4.953e+00
  8.035e+00   5.905e+00   4.918e+00
  7.943e+00   5.887e+00   4.884e+00
  7.852e+00   5.870e+00   4.849e+00
  7.762e+00   5.853e+00   4.815e+00
  7.674e+00   5.836e+00   4.784e+00
  7.586e+00   5.818e+00   4.754e+00
  7.499e+00   5.801e+00   4.724e+00
  7.413e+00   5.782e+00   4.694e+00
  7.328e+00   5.763e+00   4.665e+00
  7.244e+00   5.744e+00   4.635e+00
  7.161e+00   5.725e+00   4.606e+00
  7.079e+00   5.706e+00   4.577e+00
  6.998e+00   5.687e+00   4.548e+00
  6.918e+00   5.668e+00   4.519e+00
  6.839e+00   5.649e+00   4.491e+00
  6.761e+00   5.630e+00   4.463e+00
  6.683e+00   5.611e+00   4.434e+00
  6.607e+00   5.593e+00   4.407e+00
  6.531e+00   5.574e+00   4.379e+00
  6.457e+00   5.556e+00   4.350e+00
  6.383e+00   5.541e+00   4.321e+00
  6.310e+00   5.570e+00   4.309e+00
  6.237e+00   5.489e+00   4.280e+00
  6.166e+00   5.474e+00   4.250e+00
  6.095e+00   5.457e+00   4.223e+00
  6.026e+00   5.438e+00   4.198e+00
  5.957e+00   5.420e+00   4.172e+00
  5.888e+00   5.401e+00   4.147e+00
  5.821e+00   5.382e+00   4.122e+00
  5.754e+00   5.364e+00   4.096e+00
  5.689e+00   5.345e+00   4.071e+00
  5.623e+00   5.326e+00   4.046e+00
  5.559e+00   5.307e+00   4.021e+00
  5.495e+00   5.289e+00   3.996e+00
  5.433e+00   5.270e+00   3.971e+00
  5.370e+00   5.251e+00   3.946e+00
  5.309e+00   5.232e+00   3.921e+00
  5.248e+00   5.214e+00   3.896e+00
  5.188e+00   5.197e+00   3.872e+00
  5.129e+00   5.179e+00   3.847e+00
  5.070e+00   5.161e+00   3.823e+00
  5.012e+00   5.144e+00   3.799e+00
  4.955e+00   5.128e+00   3.776e+00
  4.898e+00   5.111e+00   3.755e+00
  4.842e+00   5.095e+00   3.733e+00
  4.786e+00   5.079e+00   3.711e+00
  4.732e+00   5.062e+00   3.690e+00
  4.677e+00   5.046e+00   3.668e+00
  4.624e+00   5.029e+00   3.647e+00
  4.571e+00   5.013e+00   3.626e+00
  4.519e+00   4.997e+00   3.605e+00
  4.467e+00   4.980e+00   3.584e+00
  4.416e+00   4.964e+00   3.563e+00
  4.365e+00   4.947e+00   3.542e+00
  4.315e+00   4.931e+00   3.522e+00
  4.266e+00   4.915e+00   3.501e+00
  4.217e+00   4.898e+00   3.481e+00
  4.169e+00   4.882e+00   3.461e+00
  4.121e+00   4.866e+00   3.441e+00
  4.074e+00   4.850e+00   3.421e+00
  4.027e+00   4.834e+00   3.402e+00
  3.981e+00   4.818e+00   3.382e+00
  3.936e+00   4.802e+00   3.363e+00
  3.890e+00   4.786e+00   3.345e+00
  3.846e+00   4.770e+00   3.326e+00
  3.802e+00   4.754e+00   3.308e+00
  3.758e+00   4.738e+00   3.291e+00
  3.715e+00   4.722e+00   3.273e+00
  3.673e+00   4.706e+00   3.256e+00
  3.631e+00   4.690e+00   3.239e+00
  3.589e+00   4.674e+00   3.222e+00
  3.548e+00   4.658e+00   3.204e+00
  3.508e+00   4.642e+00   3.187e+00
  3.467e+00   4.626e+00   3.170e+00
  3.428e+00   4.610e+00   3.153e+00
  3.388e+00   4.594e+00   3.136e+00
  3.350e+00   4.577e+00   3.119e+00
  3.311e+00   4.561e+00   3.103e+00
  3.273e+00   4.546e+00   3.085e+00
  3.236e+00   4.530e+00   3.069e+00
  3.199e+00   4.515e+00   3.052e+00
  3.162e+00   4.500e+00   3.036e+00
  3.126e+00   4.484e+00   3.019e+00
  3.090e+00   4.469e+00   3.003e+00
  3.055e+00   4.454e+00   2.988e+00
  3.020e+00   4.439e+00   2.972e+00
  2.985e+00   4.423e+00   2.957e+00
  2.951e+00   4.409e+00   2.942e+00
  2.917e+00   4.393e+00   2.926e+00
  2.884e+00   4.378e+00   2.911e+00
  2.851e+00   4.363e+00   2.896e+00
  2.818e+00   4.348e+00   2.880e+00
  2.786e+00   4.333e+00   2.865e+00
  2.754e+00   4.318e+00   2.850e+00
  2.723e+00   4.303e+00   2.835e+00
  2.692e+00   4.289e+00   2.819e+00
  2.661e+00   4.274e+00   2.805e+00
  2.630e+00   4.260e+00   2.790e+00
  2.600e+00   4.246e+00   2.775e+00
  2.570e+00   4.232e+00   2.760e+00
  2.541e+00   4.219e+00   2.746e+00
  2.512e+00   4.205e+00   2.731e+00
  2.483e+00   4.192e+00   2.717e+00
  2.455e+00   4.178e+00   2.703e+00
  2.427e+00   4.165e+00   2.689e+00
  2.399e+00   4.151e+00   2.676e+00
  2.371e+00   4.137e+00   2.662e+00
  2.344e+00   4.124e+00   2.649e+00
  2.317e+00   4.110e+00   2.637e+00
  2.291e+00   4.097e+00   2.624e+00
  2.265e+00   4.083e+00   2.612e+00
  2.239e+00   4.069e+00   2.599e+00
  2.213e+00   4.056e+00   2.588e+00
  2.188e+00   4.042e+00   2.575e+00
  2.163e+00   4.028e+00   2.563e+00
  2.138e+00   4.015e+00   2.551e+00
  2.113e+00   4.001e+00   2.539e+00
  2.089e+00   3.988e+00   2.526e+00
  2.065e+00   3.975e+00   2.514e+00
  2.042e+00   3.962e+00   2.503e+00
  2.018e+00   3.949e+00   2.491e+00
  1.995e+00   3.936e+00   2.479e+00
  1.972e+00   3.923e+00   2.468e+00
  1.950e+00   3.910e+00   2.456e+00
  1.928e+00   3.897e+00   2.445e+00
  1.905e+00   3.884e+00   2.434e+00
  1.884e+00   3.871e+00   2.423e+00
  1.862e+00   3.858e+00   2.412e+00
  1.841e+00   3.845e+00   2.401e+00
  1.820e+00   3.832e+00   2.391e+00
  1.799e+00   3.819e+00   2.380e+00
  1.778e+00   3.806e+00   2.370e+00
  1.758e+00   3.793e+00   2.360e+00
  1.738e+00   3.780e+00   2.349e+00
  1.718e+00   3.767e+00   2.338e+00
  1.698e+00   3.754e+00   2.328e+00
  1.679e+00   3.741e+00   2.317e+00
  1.660e+00   3.728e+00   2.307e+00
  1.641e+00   3.716e+00   2.296e+00
  1.622e+00   3.704e+00   2.286e+00
  1.603e+00   3.692e+00   2.275e+00
  1.585e+00   3.680e+00   2.265e+00
  1.567e+00   3.668e+00   2.255e+00
  1.549e+00   3.656e+00   2.245e+00
  1.531e+00   3.645e+00   2.236e+00
  1.514e+00   3.633e+00   2.228e+00
  1.496e+00   3.621e+00   2.219e+00
  1.479e+00   3.609e+00   2.211e+00
  1.462e+00   3.597e+00   2.203e+00
  1.445e+00   3.584e+00   2.194e+00
  1.429e+00   3.572e+00   2.186e+00
  1.413e+00   3.559e+00   2.178e+00
  1.396e+00   3.546e+00   2.169e+00
  1.380e+00   3.533e+00   2.161e+00
  1.365e+00   3.521e+00   2.153e+00
  1.349e+00   3.508e+00   2.144e+00
  1.334e+00   3.495e+00   2.135e+00
  1.318e+00   3.483e+00   2.127e+00
  1.303e+00   3.470e+00   2.118e+00
  1.288e+00   3.458e+00   2.108e+00
  1.274e+00   3.445e+00   2.099e+00
  1.259e+00   3.433e+00   2.090e+00
  1.245e+00   3.421e+00   2.082e+00
  1.230e+00   3.409e+00   2.074e+00
  1.216e+00   3.398e+00   2.067e+00
  1.202e+00   3.386e+00   2.059e+00
  1.189e+00   3.374e+00   2.051e+00
  1.175e+00   3.363e+00   2.044e+00
  1.161e+00   3.351e+00   2.036e+00
  1.148e+00   3.339e+00   2.028e+00
  1.135e+00   3.327e+00   2.021e+00
  1.122e+00   3.315e+00   2.013e+00
  1.109e+00   3.302e+00   2.005e+00
  1.096e+00   3.290e+00   1.998e+00
  1.084e+00   3.278e+00   1.990e+00
  1.072e+00   3.265e+00   1.982e+00
  1.059e+00   3.253e+00   1.974e+00
  1.047e+00   3.240e+00   1.967e+00
  1.035e+00   3.228e+00   1.959e+00
  1.023e+00   3.216e+00   1.951e+00
  1.012e+00   3.203e+00   1.943e+00
  1.000e+00   3.191e+00   1.935e+00
  9.886e-01   3.179e+00   1.927e+00
  9.772e-01   3.167e+00   1.919e+00
  9.661e-01   3.154e+00   1.912e+00
  9.550e-01   3.142e+00   1.904e+00
  9.441e-01   3.130e+00   1.896e+00
  9.333e-01   3.119e+00   1.887e+00
  9.226e-01   3.107e+00   1.879e+00
  9.120e-01   3.095e+00   1.871e+00
  9.016e-01   3.084e+00   1.863e+00
  8.913e-01   3.072e+00   1.855e+00
  8.810e-01   3.061e+00   1.846e+00
  8.710e-01   3.050e+00   1.838e+00
  8.610e-01   3.039e+00   1.830e+00
  8.511e-01   3.029e+00   1.821e+00
  8.414e-01   3.018e+00   1.813e+00
  8.318e-01   3.007e+00   1.804e+00
  8.222e-01   2.997e+00   1.796e+00
  8.128e-01   2.986e+00   1.788e+00
  8.035e-01   2.976e+00   1.779e+00
  7.943e-01   2.966e+00   1.771e+00
  7.852e-01   2.956e+00   1.763e+00
  7.762e-01   2.947e+00   1.755e+00
  7.674e-01   2.937e+00   1.747e+00
  7.586e-01   2.928e+00   1.739e+00
  7.499e-01   2.918e+00   1.730e+00
  7.413e-01   2.909e+00   1.722e+00
  7.328e-01   2.900e+00   1.715e+00
  7.244e-01   2.892e+00   1.707e+00
  7.161e-01   2.883e+00   1.699e+00
  7.079e-01   2.875e+00   1.691e+00
  6.998e-01   2.867e+00   1.683e+00
  6.918e-01   2.859e+00   1.676e+00
  6.839e-01   2.851e+00   1.668e+00
  6.761e-01   2.844e+00   1.661e+00
  6.683e-01   2.837e+00   1.654e+00
  6.607e-01   2.829e+00   1.647e+00
  6.531e-01   2.823e+00   1.640e+00
  6.457e-01   2.817e+00   1.633e+00
  6.383e-01   2.811e+00   1.627e+00
  6.310e-01   2.805e+00   1.620e+00
  6.237e-01   2.799e+00   1.614e+00
  6.166e-01   2.793e+00   1.608e+00
  6.095e-01   2.787e+00   1.603e+00
  6.026e-01   2.782e+00   1.597e+00
  5.957e-01   2.776e+00   1.592e+00
  5.888e-01   2.771e+00   1.587e+00
  5.821e-01   2.765e+00   1.582e+00
  5.754e-01   2.760e+00   1.577e+00
  5.689e-01   2.755e+00   1.573e+00
  5.623e-01   2.750e+00   1.569e+00
  5.559e-01   2.745e+00   1.565e+00
  5.495e-01   2.740e+00   1.562e+00
  5.433e-01   2.735e+00   1.559e+00
  5.370e-01   2.730e+00   1.556e+00
  5.309e-01   2.726e+00   1.553e+00
  5.248e-01   2.721e+00   1.551e+00
  5.188e-01   2.717e+00   1.549e+00
  5.129e-01   2.713e+00   1.548e+00
  5.070e-01   2.709e+00   1.546e+00
  5.012e-01   2.705e+00   1.546e+00
  4.955e-01   2.701e+00   1.545e+00
  4.898e-01   2.697e+00   1.545e+00
  4.842e-01   2.693e+00   1.545e+00
  4.786e-01   2.689e+00   1.545e+00
  4.732e-01   2.685e+00   1.545e+00
  4.677e-01   2.681e+00   1.546e+00
  4.624e-01   2.676e+00   1.547e+00
  4.571e-01   2.672e+00   1.548e+00
  4.519e-01   2.668e+00   1.550e+00
  4.467e-01   2.664e+00   1.552e+00
  4.416e-01   2.660e+00   1.555e+00
  4.365e-01   2.655e+00   1.558e+00
  4.315e-01   2.651e+00   1.562e+00
  4.266e-01   2.646e+00   1.566e+00
  4.217e-01   2.641e+00   1.570e+00
  4.169e-01   2.637e+00   1.575e+00
  4.121e-01   2.632e+00   1.580e+00
  4.074e-01   2.628e+00   1.585e+00
  4.027e-01   2.623e+00   1.591e+00
  3.981e-01   2.618e+00   1.597e+00
  3.936e-01   2.613e+00   1.603e+00
  3.890e-01   2.608e+00   1.610e+00
  3.846e-01   2.604e+00   1.617e+00
  3.802e-01   2.599e+00   1.625e+00
  3.758e-01   2.593e+00   1.633e+00
  3.715e-01   2.588e+00   1.643e+00
  3.673e-01   2.584e+00   1.653e+00
  3.631e-01   2.580e+00   1.663e+00
  3.589e-01   2.576e+00   1.674e+00
  3.548e-01   2.573e+00   1.686e+00
  3.508e-01   2.569e+00   1.700e+00
  3.467e-01   2.565e+00   1.715e+00
  3.428e-01   2.561e+00   1.732e+00
  3.388e-01   2.557e+00   1.752e+00
  3.350e-01   2.552e+00   1.773e+00
  3.311e-01   2.545e+00   1.796e+00
  3.273e-01   2.538e+00   1.822e+00
  3.236e-01   2.528e+00   1.851e+00
  3.199e-01   2.517e+00   1.882e+00
  3.162e-01   2.502e+00   1.915e+00
  3.126e-01   2.484e+00   1.948e+00
  3.090e-01   2.464e+00   1.983e+00
  3.055e-01   2.439e+00   2.019e+00
  3.020e-01   2.411e+00   2.055e+00
  2.985e-01   2.379e+00   2.092e+00
  2.951e-01   2.343e+00   2.131e+00
  2.917e-01   2.304e+00   2.170e+00
  2.884e-01   2.260e+00   2.213e+00
  2.851e-01   2.212e+00   2.256e+00
  2.818e-01   2.148e+00   2.308e+00
  2.786e-01   2.079e+00   2.350e+00
  2.754e-01   2.004e+00   2.383e+00
  2.723e-01   1.919e+00   2.405e+00
  2.692e-01   1.828e+00   2.415e+00
  2.661e-01   1.735e+00   2.417e+00
  2.630e-01   1.640e+00   2.408e+00
  2.600e-01   1.542e+00   2.390e+00
  2.570e-01   1.448e+00   2.364e+00
  2.541e-01   1.363e+00   2.333e+00
  2.512e-01   1.282e+00   2.294e+00
  2.483e-01   1.204e+00   2.248e+00
  2.455e-01   1.131e+00   2.197e+00
  2.427e-01   1.061e+00   2.140e+00
  2.399e-01   9.966e-01   2.076e+00
  2.371e-01   9.417e-01   2.007e+00
  2.344e-01   8.959e-01   1.936e+00
  2.317e-01   8.576e-01   1.868e+00
  2.291e-01   8.256e-01   1.803e+00
  2.265e-01   7.976e-01   1.740e+00
  2.239e-01   7.702e-01   1.677e+00
  2.213e-01   7.431e-01   1.613e+00
  2.188e-01   7.212e-01   1.547e+00
  2.163e-01   7.066e-01   1.480e+00
  2.138e-01   6.976e-01   1.414e+00
  2.113e-01   6.917e-01   1.354e+00
  2.089e-01   6.875e-01   1.296e+00
  2.065e-01   6.851e-01   1.240e+00
  2.042e-01   6.843e-01   1.185e+00
  2.018e-01   6.854e-01   1.130e+00
  1.995e-01   6.883e-01   1.075e+00
  1.972e-01   6.928e-01   1.021e+00
  1.950e-01   6.996e-01   9.678e-01
  1.928e-01   7.087e-01   9.158e-01
  1.905e-01   7.202e-01   8.650e-01
  1.884e-01   7.358e-01   8.152e-01
  1.862e-01   7.539e-01   7.671e-01
  1.841e-01   7.739e-01   7.210e-01
  1.820e-01   7.958e-01   6.769e-01
  1.799e-01   8.196e-01   6.351e-01
  1.778e-01   8.444e-01   5.962e-01
  1.758e-01   8.706e-01   5.599e-01
  1.738e-01   8.982e-01   5.261e-01
  1.718e-01   9.274e-01   4.951e-01
  1.698e-01   9.579e-01   4.667e-01
  1.679e-01   9.878e-01   4.400e-01
  1.660e-01   1.018e+00   4.158e-01
  1.641e-01   1.049e+00   3.945e-01
  1.622e-01   1.079e+00   3.752e-01
  1.603e-01   1.108e+00   3.578e-01
  1.585e-01   1.136e+00   3.425e-01
  1.567e-01   1.164e+00   3.280e-01
  1.549e-01   1.192e+00   3.142e-01
  1.531e-01   1.219e+00   3.003e-01
  1.514e-01   1.247e+00   2.869e-01
  1.496e-01   1.275e+00   2.741e-01
  1.479e-01   1.304e+00   2.624e-01
  1.462e-01   1.334e+00   2.520e-01
  1.445e-01   1.365e+00   2.439e-01
  1.429e-01   1.396e+00   2.376e-01
  1.413e-01   1.426e+00   2.329e-01
  1.396e-01   1.457e+00   2.297e-01
  1.380e-01   1.488e+00   2.276e-01
  1.365e-01   1.519e+00   2.267e-01
  1.349e-01   1.550e+00   2.272e-01
  1.334e-01   1.582e+00   2.292e-01
  1.318e-01   1.615e+00   2.326e-01
  1.303e-01   1.648e+00   2.383e-01
  1.288e-01   1.680e+00   2.466e-01
  1.274e-01   1.713e+00   2.571e-01
  1.259e-01   1.745e+00   2.693e-01
  1.245e-01   1.776e+00   2.831e-01
  1.230e-01   1.807e+00   2.984e-01
  1.216e-01   1.838e+00   3.155e-01
  1.202e-01   1.869e+00   3.345e-01
  1.189e-01   1.900e+00   3.552e-01
  1.175e-01   1.931e+00   3.770e-01
  1.161e-01   1.963e+00   4.003e-01
  1.148e-01   1.997e+00   4.265e-01
  1.135e-01   2.032e+00   4.559e-01
  1.122e-01   2.068e+00   4.905e-01
  1.109e-01   2.107e+00   5.305e-01
  1.096e-01   2.149e+00   5.756e-01
  1.084e-01   2.190e+00   6.314e-01
  1.072e-01   2.226e+00   7.073e-01
  1.059e-01   2.250e+00   8.026e-01
  1.047e-01   2.255e+00   9.084e-01
  1.035e-01   2.231e+00   1.011e+00
  1.023e-01   2.189e+00   1.105e+00
  1.012e-01   2.138e+00   1.180e+00
  1.000e-01   2.078e+00   1.243e+00
  9.886e-02   2.018e+00   1.296e+00
  9.772e-02   1.954e+00   1.342e+00
  9.661e-02   1.887e+00   1.381e+00
  9.550e-02   1.819e+00   1.411e+00
  9.441e-02   1.749e+00   1.428e+00
  9.333e-02   1.683e+00   1.433e+00
  9.226e-02   1.625e+00   1.428e+00
  9.120e-02   1.577e+00   1.420e+00
  9.016e-02   1.553e+00   1.410e+00
  8.913e-02   1.523e+00   1.406e+00
  8.810e-02   1.480e+00   1.426e+00
  8.710e-02   1.424e+00   1.464e+00
  8.610e-02   1.368e+00   1.496e+00
  8.511e-02   1.313e+00   1.520e+00
  8.414e-02   1.257e+00   1.537e+00
  8.318e-02   1.201e+00   1.546e+00
  8.222e-02   1.143e+00   1.539e+00
  8.128e-02   1.085e+00   1.518e+00
  8.035e-02   1.030e+00   1.491e+00
  7.943e-02   9.770e-01   1.459e+00
  7.852e-02   9.267e-01   1.421e+00
  7.762e-02   8.790e-01   1.377e+00
  7.674e-02   8.436e-01   1.339e+00
  7.586e-02   8.129e-01   1.303e+00
  7.499e-02   7.855e-01   1.266e+00
  7.413e-02   7.614e-01   1.231e+00
  7.328e-02   7.407e-01   1.195e+00
  7.244e-02   7.198e-01   1.163e+00
  7.161e-02   6.979e-01   1.134e+00
  7.079e-02   6.775e-01   1.105e+00
  6.998e-02   6.587e-01   1.077e+00
  6.918e-02   6.413e-01   1.050e+00
  6.839e-02   6.259e-01   1.018e+00
  6.761e-02   6.122e-01   9.850e-01
  6.683e-02   6.003e-01   9.522e-01
  6.607e-02   5.901e-01   9.200e-01
  6.531e-02   5.818e-01   8.884e-01
  6.457e-02   5.775e-01   8.634e-01
  6.383e-02   5.738e-01   8.400e-01
  6.310e-02   5.706e-01   8.176e-01
  6.237e-02   5.678e-01   7.964e-01
  6.166e-02   5.626e-01   7.749e-01
  6.095e-02   5.543e-01   7.519e-01
  6.026e-02   5.461e-01   7.286e-01
  5.957e-02   5.378e-01   7.051e-01
  5.888e-02   5.303e-01   6.811e-01
  5.821e-02   5.260e-01   6.563e-01
  5.754e-02   5.229e-01   6.314e-01
  5.689e-02   5.209e-01   6.065e-01
  5.623e-02   5.201e-01   5.817e-01
  5.559e-02   5.201e-01   5.577e-01
  5.495e-02   5.210e-01   5.341e-01
  5.432e-02   5.227e-01   5.110e-01
  5.370e-02   5.254e-01   4.885e-01
  5.309e-02   5.287e-01   4.668e-01
  5.248e-02   5.326e-01   4.456e-01
  5.188e-02   5.372e-01   4.249e-01
  5.129e-02   5.423e-01   4.046e-01
  5.070e-02   5.478e-01   3.848e-01
  5.012e-02   5.538e-01   3.655e-01
  4.955e-02   5.604e-01   3.468e-01
  4.898e-02   5.673e-01   3.294e-01
  4.842e-02   5.748e-01   3.123e-01
  4.786e-02   5.827e-01   2.957e-01
  4.732e-02   5.914e-01   2.783e-01
  4.677e-02   6.007e-01   2.610e-01
  4.624e-02   6.105e-01   2.446e-01
  4.571e-02   6.209e-01   2.302e-01
  4.519e-02   6.318e-01   2.185e-01
  4.467e-02   6.431e-01   2.074e-01
  4.416e-02   6.545e-01   1.960e-01
  4.365e-02   6.658e-01   1.823e-01
  4.315e-02   6.777e-01   1.695e-01
  4.266e-02   6.905e-01   1.584e-01
  4.217e-02   7.052e-01   1.515e-01
  4.169e-02   7.198e-01   1.464e-01
  4.121e-02   7.340e-01   1.428e-01
  4.074e-02   7.461e-01   1.395e-01
  4.027e-02   7.574e-01   1.372e-01
  3.981e-02   7.681e-01   1.356e-01
  3.935e-02   7.785e-01   1.348e-01
  3.890e-02   7.882e-01   1.349e-01
  3.846e-02   7.978e-01   1.360e-01
  3.802e-02   8.063e-01   1.383e-01
  3.758e-02   8.130e-01   1.419e-01
  3.715e-02   8.158e-01   1.490e-01
  3.673e-02   8.164e-01   1.550e-01
  3.631e-02   8.144e-01   1.576e-01
  3.589e-02   8.111e-01   1.547e-01
  3.548e-02   8.078e-01   1.496e-01
  3.508e-02   8.077e-01   1.450e-01
  3.467e-02   8.091e-01   1.407e-01
  3.428e-02   8.111e-01   1.364e-01
  3.388e-02   8.129e-01   1.322e-01
  3.350e-02   8.149e-01   1.281e-01
  3.311e-02   8.171e-01   1.241e-01
  3.273e-02   8.195e-01   1.202e-01
  3.236e-02   8.219e-01   1.164e-01
  3.199e-02   8.245e-01   1.127e-01
  3.162e-02   8.271e-01   1.091e-01
  3.126e-02   8.297e-01   1.055e-01
  3.090e-02   8.324e-01   1.021e-01
  3.055e-02   8.351e-01   9.880e-02
  3.020e-02   8.377e-01   9.557e-02
  2.985e-02   8.404e-01   9.242e-02
  2.951e-02   8.431e-01   8.936e-02
  2.917e-02   8.459e-01   8.641e-02
  2.884e-02   8.486e-01   8.355e-02
  2.851e-02   8.512e-01   8.078e-02
  2.818e-02   8.539e-01   7.810e-02
  2.786e-02   8.566e-01   7.551e-02
  2.754e-02   8.592e-01   7.300e-02
  2.723e-02   8.618e-01   7.057e-02
  2.692e-02   8.644e-01   6.823e-02
  2.661e-02   8.669e-01   6.595e-02
  2.630e-02   8.695e-01   6.374e-02
  2.600e-02   8.720e-01   6.160e-02
  2.570e-02   8.744e-01   5.953e-02
  2.541e-02   8.769e-01   5.752e-02
  2.512e-02   8.793e-01   5.556e-02
  2.483e-02   8.817e-01   5.367e-02
  2.455e-02   8.840e-01   5.185e-02
  2.427e-02   8.863e-01   5.009e-02
  2.399e-02   8.886e-01   4.839e-02
  2.371e-02   8.908e-01   4.675e-02
  2.344e-02   8.930e-01   4.516e-02
  2.317e-02   8.952e-01   4.362e-02
  2.291e-02   8.973e-01   4.214e-02
  2.265e-02   8.994e-01   4.069e-02
  2.239e-02   9.014e-01   3.930e-02
  2.213e-02   9.035e-01   3.795e-02
  2.188e-02   9.055e-01   3.665e-02
  2.163e-02   9.074e-01   3.539e-02
  2.138e-02   9.093e-01   3.418e-02
  2.113e-02   9.112e-01   3.301e-02
  2.089e-02   9.131e-01   3.187e-02
  2.065e-02   9.149e-01   3.077e-02
  2.042e-02   9.167e-01   2.972e-02
  2.018e-02   9.184e-01   2.870e-02
  1.995e-02   9.202e-01   2.771e-02
  1.972e-02   9.219e-01   2.675e-02
  1.950e-02   9.235e-01   2.581e-02
  1.928e-02   9.252e-01   2.490e-02
  1.905e-02   9.268e-01   2.402e-02
  1.884e-02   9.284e-01   2.319e-02
  1.862e-02   9.299e-01   2.238e-02
  1.841e-02   9.314e-01   2.159e-02
  1.820e-02   9.329e-01   2.083e-02
  1.799e-02   9.344e-01   2.011e-02
  1.778e-02   9.358e-01   1.941e-02
  1.758e-02   9.372e-01   1.873e-02
  1.738e-02   9.386e-01   1.807e-02
  1.718e-02   9.399e-01   1.743e-02
  1.698e-02   9.412e-01   1.681e-02
  1.679e-02   9.425e-01   1.622e-02
  1.660e-02   9.438e-01   1.565e-02
  1.641e-02   9.450e-01   1.510e-02
  1.622e-02   9.462e-01   1.456e-02
  1.603e-02   9.474e-01   1.405e-02
  1.585e-02   9.486e-01   1.355e-02
  1.567e-02   9.498e-01   1.307e-02
  1.549e-02   9.509e-01   1.260e-02
  1.531e-02   9.520e-01   1.215e-02
  1.514e-02   9.531e-01   1.172e-02
  1.496e-02   9.541e-01   1.130e-02
  1.479e-02   9.552e-01   1.089e-02
  1.462e-02   9.562e-01   1.050e-02
  1.445e-02   9.571e-01   1.012e-02
  1.429e-02   9.581e-01   9.762e-03
  1.413e-02   9.591e-01   9.411e-03
  1.396e-02   9.600e-01   9.073e-03
  1.380e-02   9.609e-01   8.749e-03
  1.365e-02   9.618e-01   8.436e-03
  1.349e-02   9.627e-01   8.131e-03
  1.334e-02   9.635e-01   7.837e-03
  1.318e-02   9.643e-01   7.554e-03
  1.303e-02   9.652e-01   7.282e-03
  1.288e-02   9.660e-01   7.021e-03
  1.274e-02   9.667e-01   6.767e-03
  1.259e-02   9.675e-01   6.521e-03
  1.245e-02   9.683e-01   6.282e-03
  1.230e-02   9.690e-01   6.057e-03
  1.216e-02   9.697e-01   5.842e-03
  1.202e-02   9.704e-01   5.632e-03
  1.189e-02   9.711e-01   5.427e-03
  1.175e-02   9.718e-01   5.228e-03
  1.161e-02   9.724e-01   5.035e-03
  1.148e-02   9.731e-01   4.848e-03
  1.135e-02   9.737e-01   4.667e-03
  1.122e-02   9.743e-01   4.495e-03
  1.109e-02   9.749e-01   4.330e-03
  1.096e-02   9.755e-01   4.170e-03
  1.084e-02   9.761e-01   4.015e-03
  1.072e-02   9.767e-01   3.867e-03
  1.059e-02   9.772e-01   3.724e-03
  1.047e-02   9.778e-01   3.587e-03
  1.035e-02   9.783e-01   3.457e-03
  1.023e-02   9.788e-01   3.330e-03
  1.012e-02   9.793e-01   3.206e-03
  1.000e-02   9.798e-01   3.087e-03
  9.886e-03   9.803e-01   2.971e-03
  9.772e-03   9.808e-01   2.861e-03
  9.661e-03   9.812e-01   2.755e-03
  9.550e-03   9.817e-01   2.653e-03
  9.441e-03   9.821e-01   2.555e-03
  9.333e-03   9.826e-01   2.460e-03
  9.226e-03   9.830e-01   2.368e-03
  9.120e-03   9.834e-01   2.279e-03
  9.016e-03   9.838e-01   2.194e-03
  8.913e-03   9.842e-01   2.112e-03
  8.810e-03   9.846e-01   2.034e-03
  8.710e-03   9.850e-01   1.958e-03
  8.610e-03   9.853e-01   1.885e-03
  8.511e-03   9.857e-01   1.814e-03
  8.414e-03   9.861e-01   1.746e-03
  8.318e-03   9.864e-01   1.680e-03
  8.222e-03   9.867e-01   1.618e-03
  8.128e-03   9.871e-01   1.557e-03
  8.035e-03   9.874e-01   1.498e-03
  7.943e-03   9.877e-01   1.441e-03
  7.852e-03   9.880e-01   1.387e-03
  7.762e-03   9.883e-01   1.335e-03
  7.674e-03   9.886e-01   1.284e-03
  7.586e-03   9.889e-01   1.235e-03
  7.499e-03   9.892e-01   1.188e-03
  7.413e-03   9.895e-01   1.143e-03
  7.328e-03   9.898e-01   1.100e-03
  7.244e-03   9.900e-01   1.059e-03
  7.161e-03   9.903e-01   1.019e-03
  7.079e-03   9.906e-01   9.803e-04
  6.998e-03   9.908e-01   9.432e-04
  6.918e-03   9.911e-01   9.073e-04
  6.839e-03   9.913e-01   8.730e-04
  6.761e-03   9.915e-01   8.399e-04
  6.683e-03   9.918e-01   8.079e-04
  6.607e-03   9.920e-01   7.769e-04
  6.531e-03   9.922e-01   7.471e-04
  6.457e-03   9.925e-01   7.188e-04
  6.383e-03   9.927e-01   6.915e-04
  6.310e-03   9.929e-01   6.649e-04
  6.237e-03   9.931e-01   6.391e-04
  6.166e-03   9.933e-01   6.149e-04
  6.095e-03   9.935e-01   5.921e-04
  6.026e-03   9.937e-01   5.697e-04
  5.957e-03   9.939e-01   5.480e-04
  5.888e-03   9.941e-01   5.269e-04
  5.821e-03   9.943e-01   5.065e-04
  5.754e-03   9.945e-01   4.867e-04
  5.689e-03   9.947e-01   4.676e-04
  5.623e-03   9.948e-01   4.494e-04
  5.559e-03   9.950e-01   4.321e-04
  5.495e-03   9.952e-01   4.153e-04
  5.433e-03   9.954e-01   3.992e-04
  5.370e-03   9.956e-01   3.837e-04
  5.309e-03   9.958e-01   3.688e-04
  5.248e-03   9.959e-01   3.545e-04
  5.188e-03   9.961e-01   3.410e-04
  5.129e-03   9.963e-01   3.279e-04
  5.070e-03   9.964e-01   3.152e-04
  5.012e-03   9.966e-01   3.029e-04
  4.954e-03   9.968e-01   2.910e-04
  4.898e-03   9.970e-01   2.797e-04
  4.842e-03   9.972e-01   2.689e-04
  4.786e-03   9.975e-01   2.586e-04
  4.732e-03   9.980e-01   2.484e-04
  4.677e-03   9.985e-01   2.385e-04
  4.624e-03   9.992e-01   2.290e-04
  4.571e-03   9.999e-01   2.199e-04
  4.519e-03   1.001e+00   2.113e-04
  4.467e-03   1.002e+00   2.032e-04
  4.416e-03   1.002e+00   4.452e-03
  4.365e-03   1.001e+00   4.314e-03
  4.315e-03   1.000e+00   4.182e-03
  4.266e-03   9.994e-01   4.052e-03
  4.217e-03   9.987e-01   3.924e-03
  4.169e-03   9.981e-01   3.798e-03
  4.121e-03   9.977e-01   3.676e-03
  4.074e-03   9.975e-01   3.556e-03
  4.027e-03   9.973e-01   3.439e-03
  3.981e-03   9.972e-01   3.325e-03
  3.935e-03   9.971e-01   3.214e-03
  3.890e-03   9.972e-01   3.105e-03
  3.846e-03   9.972e-01   3.000e-03
  3.802e-03   9.971e-01   2.897e-03
  3.758e-03   9.971e-01   2.798e-03
  3.715e-03   9.971e-01   2.701e-03
  3.673e-03   9.971e-01   2.607e-03
  3.631e-03   9.971e-01   2.516e-03
  3.589e-03   9.971e-01   2.428e-03
  3.548e-03   9.971e-01   2.342e-03
  3.508e-03   9.971e-01   2.259e-03
  3.467e-03   9.971e-01   2.179e-03
  3.428e-03   9.971e-01   2.101e-03
  3.388e-03   9.971e-01   2.026e-03
  3.350e-03   9.971e-01   1.952e-03
  3.311e-03   9.972e-01   1.881e-03
  3.273e-03   9.972e-01   1.813e-03
  3.236e-03   9.972e-01   1.747e-03
  3.199e-03   9.973e-01   1.684e-03
  3.162e-03   9.973e-01   1.621e-03
  3.126e-03   9.973e-01   1.561e-03
  3.090e-03   9.974e-01   1.503e-03
  3.055e-03   9.974e-01   1.449e-03
  3.020e-03   9.974e-01   1.397e-03
  2.985e-03   9.975e-01   1.345e-03
  2.951e-03   9.975e-01   1.295e-03
  2.917e-03   9.975e-01   1.246e-03
  2.884e-03   9.976e-01   1.198e-03
  2.851e-03   9.976e-01   1.152e-03
  2.818e-03   9.977e-01   1.107e-03
  2.786e-03   9.977e-01   1.063e-03
  2.754e-03   9.977e-01   1.021e-03
  2.723e-03   9.978e-01   9.814e-04
  2.692e-03   9.978e-01   9.432e-04
  2.661e-03   9.979e-01   9.062e-04
  2.630e-03   9.979e-01   8.705e-04
  2.600e-03   9.979e-01   8.361e-04
  2.570e-03   9.980e-01   8.031e-04
  2.541e-03   9.980e-01   7.714e-04
  2.512e-03   9.980e-01   7.413e-04
  2.483e-03   9.981e-01   7.127e-04
  2.455e-03   9.981e-01   6.847e-04
  2.427e-03   9.982e-01   6.574e-04
  2.399e-03   9.982e-01   6.311e-04
  2.371e-03   9.982e-01   6.057e-04
  2.344e-03   9.983e-01   5.813e-04
  2.317e-03   9.983e-01   5.579e-04
  2.291e-03   9.983e-01   5.356e-04
  2.265e-03   9.984e-01   5.144e-04
  2.239e-03   9.984e-01   4.940e-04
  2.213e-03   9.984e-01   4.740e-04
  2.188e-03   9.985e-01   4.547e-04
  2.163e-03   9.985e-01   4.361e-04
  2.138e-03   9.985e-01   4.183e-04
  2.113e-03   9.986e-01   4.012e-04
  2.089e-03   9.986e-01   3.850e-04
  2.065e-03   9.986e-01   3.695e-04
  2.042e-03   9.987e-01   3.545e-04
  2.018e-03   9.987e-01   3.399e-04
  1.995e-03   9.987e-01   3.258e-04
  1.972e-03   9.987e-01   3.123e-04
  1.950e-03   9.988e-01   2.994e-04
  1.928e-03   9.988e-01   2.871e-04
  1.905e-03   9.988e-01   2.754e-04
  1.884e-03   9.988e-01   2.640e-04
  1.862e-03   9.989e-01   2.530e-04
  1.841e-03   9.989e-01   2.425e-04
  1.820e-03   9.989e-01   2.323e-04
  1.799e-03   9.989e-01   2.226e-04
  1.778e-03   9.990e-01   2.134e-04
  1.758e-03   9.990e-01   2.045e-04
  1.738e-03   9.990e-01   1.960e-04
  1.718e-03   9.990e-01   1.877e-04
  1.698e-03   9.991e-01   1.798e-04
  1.679e-03   9.991e-01   1.722e-04
  1.660e-03   9.991e-01   1.651e-04
  1.641e-03   9.991e-01   1.581e-04
  1.622e-03   9.991e-01   1.515e-04
  1.603e-03   9.992e-01   1.450e-04
  1.585e-03   9.992e-01   1.389e-04
  1.567e-03   9.992e-01   1.330e-04
  1.549e-03   9.992e-01   1.274e-04
  1.531e-03   9.992e-01   1.220e-04
  1.514e-03   9.992e-01   1.168e-04
  1.496e-03   9.993e-01   1.118e-04
  1.479e-03   9.993e-01   1.071e-04
  1.462e-03   9.993e-01   1.025e-04
  1.445e-03   9.993e-01   9.816e-05
  1.429e-03   9.993e-01   9.395e-05
  1.413e-03   9.993e-01   8.991e-05
  1.396e-03   9.994e-01   8.605e-05
  1.380e-03   9.994e-01   8.238e-05
  1.365e-03   9.994e-01   7.885e-05
  1.349e-03   9.994e-01   7.547e-05
  1.334e-03   9.994e-01   7.222e-05
  1.318e-03   9.994e-01   6.912e-05
  1.303e-03   9.994e-01   6.617e-05
  1.288e-03   9.995e-01   6.337e-05
  1.274e-03   9.995e-01   6.065e-05
  1.259e-03   9.995e-01   5.802e-05
  1.245e-03   9.995e-01   5.549e-05
  1.230e-03   9.995e-01   5.314e-05
  1.216e-03   9.995e-01   5.091e-05
  1.202e-03   9.995e-01   4.875e-05
  1.189e-03   9.995e-01   4.664e-05
  1.175e-03   9.995e-01   4.461e-05
  1.161e-03   9.996e-01   4.264e-05
  1.148e-03   9.996e-01   4.075e-05
  1.135e-03   9.996e-01   3.894e-05
  1.122e-03   9.996e-01   3.722e-05
  1.109e-03   9.996e-01   3.560e-05
  1.096e-03   9.996e-01   3.404e-05
  1.084e-03   9.996e-01   3.254e-05
  1.072e-03   9.996e-01   3.111e-05
  1.059e-03   9.996e-01   2.974e-05
  1.047e-03   9.996e-01   2.845e-05
  1.035e-03   9.997e-01   2.723e-05
  1.023e-03   9.997e-01   2.605e-05
  1.012e-03   9.997e-01   2.491e-05
  1.000e-03   9.997e-01   2.381e-05
