  1.000e+03   3.412e+00   4.958e-02
  9.886e+02   3.412e+00   5.016e-02
  9.772e+02   3.412e+00   5.074e-02
  9.661e+02   3.412e+00   5.133e-02
  9.550e+02   3.412e+00   5.192e-02
  9.441e+02   3.412e+00   5.252e-02
  9.333e+02   3.412e+00   5.313e-02
  9.226e+02   3.412e+00   5.375e-02
  9.120e+02   3.412e+00   5.437e-02
  9.016e+02   3.412e+00   5.500e-02
  8.913e+02   3.412e+00   5.564e-02
  8.810e+02   3.412e+00   5.628e-02
  8.710e+02   3.412e+00   5.693e-02
  8.610e+02   3.412e+00   5.759e-02
  8.511e+02   3.412e+00   5.826e-02
  8.414e+02   3.412e+00   5.893e-02
  8.318e+02   3.412e+00   5.962e-02
  8.222e+02   3.411e+00   6.031e-02
  8.128e+02   3.411e+00   6.101e-02
  8.035e+02   3.411e+00   6.171e-02
  7.943e+02   3.411e+00   6.243e-02
  7.852e+02   3.411e+00   6.315e-02
  7.762e+02   3.411e+00   6.388e-02
  7.674e+02   3.411e+00   6.462e-02
  7.586e+02   3.411e+00   6.537e-02
  7.499e+02   3.411e+00   6.613e-02
  7.413e+02   3.411e+00   6.690e-02
  7.328e+02   3.411e+00   6.767e-02
  7.244e+02   3.411e+00   6.846e-02
  7.161e+02   3.411e+00   6.925e-02
  7.079e+02   3.411e+00   7.005e-02
  6.998e+02   3.411e+00   7.086e-02
  6.918e+02   3.411e+00   7.169e-02
  6.839e+02   3.411e+00   7.252e-02
  6.761e+02   3.411e+00   7.336e-02
  6.683e+02   3.411e+00   7.421e-02
  6.607e+02   3.411e+00   7.507e-02
  6.531e+02   3.411e+00   7.594e-02
  6.457e+02   3.411e+00   7.682e-02
  6.383e+02   3.411e+00   7.771e-02
  6.310e+02   3.411e+00   7.861e-02
  6.237e+02   3.411e+00   7.952e-02
  6.166e+02   3.411e+00   8.044e-02
  6.095e+02   3.411e+00   8.138e-02
  6.026e+02   3.411e+00   8.232e-02
  5.957e+02   3.411e+00   8.328e-02
  5.888e+02   3.411e+00   8.424e-02
  5.821e+02   3.411e+00   8.522e-02
  5.754e+02   3.411e+00   8.621e-02
  5.689e+02   3.411e+00   8.721e-02
  5.623e+02   3.410e+00   8.822e-02
  5.559e+02   3.410e+00   8.924e-02
  5.495e+02   3.410e+00   9.028e-02
  5.433e+02   3.410e+00   9.132e-02
  5.370e+02   3.410e+00   9.238e-02
  5.309e+02   3.410e+00   9.345e-02
  5.248e+02   3.410e+00   9.454e-02
  5.188e+02   3.410e+00   9.563e-02
  5.129e+02   3.410e+00   9.674e-02
  5.070e+02   3.410e+00   9.787e-02
  5.012e+02   3.410e+00   9.900e-02
  4.955e+02   3.410e+00   1.001e-01
  4.898e+02   3.410e+00   1.013e-01
  4.842e+02   3.410e+00   1.025e-01
  4.786e+02   3.410e+00   1.037e-01
  4.732e+02   3.410e+00   1.049e-01
  4.677e+02   3.409e+00   1.061e-01
  4.624e+02   3.409e+00   1.073e-01
  4.571e+02   3.409e+00   1.086e-01
  4.519e+02   3.409e+00   1.098e-01
  4.467e+02   3.409e+00   1.111e-01
  4.416e+02   3.409e+00   1.124e-01
  4.365e+02   3.409e+00   1.137e-01
  4.315e+02   3.409e+00   1.150e-01
  4.266e+02   3.408e+00   1.163e-01
  4.217e+02   3.408e+00   1.177e-01
  4.169e+02   3.408e+00   1.191e-01
  4.121e+02   3.408e+00   1.204e-01
  4.074e+02   3.408e+00   1.218e-01
  4.027e+02   3.408e+00   1.233e-01
  3.981e+02   3.408e+00   1.247e-01
  3.936e+02   3.408e+00   1.261e-01
  3.890e+02   3.408e+00   1.276e-01
  3.846e+02   3.408e+00   1.291e-01
  3.802e+02   3.408e+00   1.306e-01
  3.758e+02   3.407e+00   1.321e-01
  3.715e+02   3.407e+00   1.336e-01
  3.673e+02   3.407e+00   1.352e-01
  3.631e+02   3.407e+00   1.368e-01
  3.589e+02   3.407e+00   1.384e-01
  3.548e+02   3.407e+00   1.400e-01
  3.508e+02   3.407e+00   1.416e-01
  3.467e+02   3.407e+00   1.432e-01
  3.428e+02   3.406e+00   1.449e-01
  3.388e+02   3.406e+00   1.466e-01
  3.350e+02   3.406e+00   1.483e-01
  3.311e+02   3.406e+00   1.500e-01
  3.273e+02   3.406e+00   1.518e-01
  3.236e+02   3.405e+00   1.535e-01
  3.199e+02   3.405e+00   1.553e-01
  3.162e+02   3.405e+00   1.571e-01
  3.126e+02   3.405e+00   1.590e-01
  3.090e+02   3.405e+00   1.608e-01
  3.055e+02   3.404e+00   1.627e-01
  3.020e+02   3.404e+00   1.646e-01
  2.985e+02   3.404e+00   1.665e-01
  2.951e+02   3.404e+00   1.685e-01
  2.917e+02   3.404e+00   1.704e-01
  2.884e+02   3.404e+00   1.724e-01
  2.851e+02   3.403e+00   1.744e-01
  2.818e+02   3.403e+00   1.765e-01
  2.786e+02   3.403e+00   1.785e-01
  2.754e+02   3.403e+00   1.806e-01
  2.723e+02   3.403e+00   1.827e-01
  2.692e+02   3.402e+00   1.848e-01
  2.661e+02   3.402e+00   1.870e-01
  2.630e+02   3.402e+00   1.892e-01
  2.600e+02   3.402e+00   1.914e-01
  2.570e+02   3.402e+00   1.936e-01
  2.541e+02   3.401e+00   1.959e-01
  2.512e+02   3.401e+00   1.982e-01
  2.483e+02   3.401e+00   2.005e-01
  2.455e+02   3.400e+00   2.028e-01
  2.427e+02   3.400e+00   2.052e-01
  2.399e+02   3.400e+00   2.076e-01
  2.371e+02   3.399e+00   2.100e-01
  2.344e+02   3.399e+00   2.125e-01
  2.317e+02   3.399e+00   2.150e-01
  2.291e+02   3.398e+00   2.175e-01
  2.265e+02   3.398e+00   2.200e-01
  2.239e+02   3.398e+00   2.226e-01
  2.213e+02   3.397e+00   2.252e-01
  2.188e+02   3.397e+00   2.278e-01
  2.163e+02   3.396e+00   2.305e-01
  2.138e+02   3.396e+00   2.332e-01
  2.113e+02   3.395e+00   2.359e-01
  2.089e+02   3.395e+00   2.386e-01
  2.065e+02   3.394e+00   2.414e-01
  2.042e+02   3.394e+00   2.443e-01
  2.018e+02   3.393e+00   2.471e-01
  1.995e+02   3.393e+00   2.500e-01
  1.972e+02   3.392e+00   2.529e-01
  1.950e+02   3.392e+00   2.559e-01
  1.928e+02   3.391e+00   2.589e-01
  1.905e+02   3.391e+00   2.619e-01
  1.884e+02   3.390e+00   2.650e-01
  1.862e+02   3.390e+00   2.680e-01
  1.841e+02   3.389e+00   2.712e-01
  1.820e+02   3.389e+00   2.744e-01
  1.799e+02   3.388e+00   2.776e-01
  1.778e+02   3.388e+00   2.808e-01
  1.758e+02   3.387e+00   2.841e-01
  1.738e+02   3.387e+00   2.874e-01
  1.718e+02   3.386e+00   2.908e-01
  1.698e+02   3.385e+00   2.942e-01
  1.679e+02   3.385e+00   2.977e-01
  1.660e+02   3.384e+00   3.011e-01
  1.641e+02   3.383e+00   3.047e-01
  1.622e+02   3.383e+00   3.083e-01
  1.603e+02   3.382e+00   3.119e-01
  1.585e+02   3.381e+00   3.155e-01
  1.567e+02   3.380e+00   3.193e-01
  1.549e+02   3.379e+00   3.230e-01
  1.531e+02   3.379e+00   3.268e-01
  1.514e+02   3.378e+00   3.306e-01
  1.496e+02   3.377e+00   3.345e-01
  1.479e+02   3.376e+00   3.385e-01
  1.462e+02   3.375e+00   3.425e-01
  1.445e+02   3.374e+00   3.465e-01
  1.429e+02   3.373e+00   3.506e-01
  1.413e+02   3.372e+00   3.547e-01
  1.396e+02   3.371e+00   3.589e-01
  1.380e+02   3.370e+00   3.631e-01
  1.365e+02   3.369e+00   3.674e-01
  1.349e+02   3.368e+00   3.717e-01
  1.334e+02   3.367e+00   3.761e-01
  1.318e+02   3.366e+00   3.805e-01
  1.303e+02   3.364e+00   3.850e-01
  1.288e+02   3.363e+00   3.895e-01
  1.274e+02   3.362e+00   3.940e-01
  1.259e+02   3.361e+00   3.987e-01
  1.245e+02   3.359e+00   4.034e-01
  1.230e+02   3.358e+00   4.081e-01
  1.216e+02   3.357e+00   4.129e-01
  1.202e+02   3.355e+00   4.177e-01
  1.189e+02   3.354e+00   4.226e-01
  1.175e+02   3.352e+00   4.276e-01
  1.161e+02   3.351e+00   4.326e-01
  1.148e+02   3.350e+00   4.376e-01
  1.135e+02   3.348e+00   4.428e-01
  1.122e+02   3.346e+00   4.480e-01
  1.109e+02   3.345e+00   4.532e-01
  1.096e+02   3.343e+00   4.585e-01
  1.084e+02   3.341e+00   4.639e-01
  1.072e+02   3.339e+00   4.693e-01
  1.059e+02   3.337e+00   4.747e-01
  1.047e+02   3.335e+00   4.803e-01
  1.035e+02   3.332e+00   4.859e-01
  1.023e+02   3.330e+00   4.915e-01
  1.012e+02   3.328e+00   4.973e-01
  1.000e+02   3.326e+00   5.030e-01
  9.886e+01   3.324e+00   5.089e-01
  9.772e+01   3.321e+00   5.148e-01
  9.661e+01   3.319e+00   5.208e-01
  9.550e+01   3.316e+00   5.268e-01
  9.441e+01   3.314e+00   5.329e-01
  9.333e+01   3.311e+00   5.390e-01
  9.226e+01   3.308e+00   5.452e-01
  9.120e+01   3.305e+00   5.515e-01
  9.016e+01   3.303e+00   5.578e-01
  8.913e+01   3.300e+00   5.642e-01
  8.810e+01   3.297e+00   5.707e-01
  8.710e+01   3.293e+00   5.772e-01
  8.610e+01   3.290e+00   5.837e-01
  8.511e+01   3.287e+00   5.904e-01
  8.414e+01   3.283e+00   5.970e-01
  8.318e+01   3.280e+00   6.038e-01
  8.222e+01   3.276e+00   6.106e-01
  8.128e+01   3.272e+00   6.175e-01
  8.035e+01   3.269e+00   6.244e-01
  7.943e+01   3.265e+00   6.313e-01
  7.852e+01   3.261e+00   6.384e-01
  7.762e+01   3.257e+00   6.454e-01
  7.674e+01   3.253e+00   6.525e-01
  7.586e+01   3.248e+00   6.596e-01
  7.499e+01   3.244e+00   6.668e-01
  7.413e+01   3.240e+00   6.740e-01
  7.328e+01   3.235e+00   6.813e-01
  7.244e+01   3.230e+00   6.887e-01
  7.161e+01   3.225e+00   6.960e-01
  7.079e+01   3.220e+00   7.034e-01
  6.998e+01   3.215e+00   7.108e-01
  6.918e+01   3.209e+00   7.183e-01
  6.839e+01   3.203e+00   7.258e-01
  6.761e+01   3.197e+00   7.333e-01
  6.683e+01   3.192e+00   7.408e-01
  6.607e+01   3.186e+00   7.483e-01
  6.531e+01   3.180e+00   7.559e-01
  6.457e+01   3.174e+00   7.635e-01
  6.383e+01   3.167e+00   7.711e-01
  6.310e+01   3.160e+00   7.786e-01
  6.237e+01   3.154e+00   7.862e-01
  6.166e+01   3.147e+00   7.937e-01
  6.095e+01   3.140e+00   8.013e-01
  6.026e+01   3.133e+00   8.088e-01
  5.957e+01   3.126e+00   8.163e-01
  5.888e+01   3.118e+00   8.238e-01
  5.821e+01   3.111e+00   8.313e-01
  5.754e+01   3.103e+00   8.387e-01
  5.689e+01   3.095e+00   8.461e-01
  5.623e+01   3.086e+00   8.535e-01
  5.559e+01   3.078e+00   8.608e-01
  5.495e+01   3.070e+00   8.680e-01
  5.433e+01   3.061e+00   8.752e-01
  5.370e+01   3.052e+00   8.823e-01
  5.309e+01   3.043e+00   8.894e-01
  5.248e+01   3.034e+00   8.964e-01
  5.188e+01   3.025e+00   9.034e-01
  5.129e+01   3.016e+00   9.102e-01
  5.070e+01   3.007e+00   9.170e-01
  5.012e+01   2.997e+00   9.237e-01
  4.955e+01   2.987e+00   9.302e-01
  4.898e+01   2.977e+00   9.367e-01
  4.842e+01   2.967e+00   9.431e-01
  4.786e+01   2.957e+00   9.495e-01
  4.732e+01   2.947e+00   9.558e-01
  4.677e+01   2.936e+00   9.619e-01
  4.624e+01   2.926e+00   9.680e-01
  4.571e+01   2.915e+00   9.741e-01
  4.519e+01   2.904e+00   9.800e-01
  4.467e+01   2.893e+00   9.859e-01
  4.416e+01   2.882e+00   9.917e-01
  4.365e+01   2.871e+00   9.974e-01
  4.315e+01   2.860e+00   1.003e+00
  4.266e+01   2.848e+00   1.008e+00
  4.217e+01   2.837e+00   1.013e+00
  4.169e+01   2.825e+00   1.018e+00
  4.121e+01   2.813e+00   1.023e+00
  4.074e+01   2.800e+00   1.027e+00
  4.027e+01   2.788e+00   1.030e+00
  3.981e+01   2.776e+00   1.034e+00
  3.936e+01   2.763e+00   1.038e+00
  3.890e+01   2.751e+00   1.041e+00
  3.846e+01   2.739e+00   1.045e+00
  3.802e+01   2.726e+00   1.048e+00
  3.758e+01   2.714e+00   1.052e+00
  3.715e+01   2.704e+00   1.056e+00
  3.673e+01   2.693e+00   1.059e+00
  3.631e+01   2.682e+00   1.063e+00
  3.589e+01   2.672e+00   1.067e+00
  3.548e+01   2.661e+00   1.070e+00
  3.508e+01   2.649e+00   1.074e+00
  3.467e+01   2.638e+00   1.077e+00
  3.428e+01   2.627e+00   1.081e+00
  3.388e+01   2.615e+00   1.085e+00
  3.350e+01   2.604e+00   1.088e+00
  3.311e+01   2.591e+00   1.092e+00
  3.273e+01   2.578e+00   1.096e+00
  3.236e+01   2.565e+00   1.099e+00
  3.199e+01   2.552e+00   1.103e+00
  3.162e+01   2.539e+00   1.106e+00
  3.126e+01   2.525e+00   1.109e+00
  3.090e+01   2.511e+00   1.112e+00
  3.055e+01   2.497e+00   1.116e+00
  3.020e+01   2.482e+00   1.118e+00
  2.985e+01   2.468e+00   1.121e+00
  2.951e+01   2.453e+00   1.122e+00
  2.917e+01   2.439e+00   1.124e+00
  2.884e+01   2.424e+00   1.125e+00
  2.851e+01   2.409e+00   1.126e+00
  2.818e+01   2.394e+00   1.127e+00
  2.786e+01   2.379e+00   1.128e+00
  2.754e+01   2.364e+00   1.129e+00
  2.723e+01   2.348e+00   1.130e+00
  2.692e+01   2.333e+00   1.132e+00
  2.661e+01   2.318e+00   1.133e+00
  2.630e+01   2.302e+00   1.135e+00
  2.600e+01   2.286e+00   1.136e+00
  2.570e+01   2.271e+00   1.137e+00
  2.541e+01   2.255e+00   1.138e+00
  2.512e+01   2.239e+00   1.140e+00
  2.483e+01   2.222e+00   1.139e+00
  2.455e+01   2.204e+00   1.136e+00
  2.427e+01   2.186e+00   1.133e+00
  2.399e+01   2.171e+00   1.132e+00
  2.371e+01   2.154e+00   1.131e+00
  2.344e+01   2.136e+00   1.129e+00
  2.317e+01   2.120e+00   1.126e+00
  2.291e+01   2.104e+00   1.124e+00
  2.265e+01   2.087e+00   1.124e+00
  2.239e+01   2.067e+00   1.123e+00
  2.213e+01   2.045e+00   1.120e+00
  2.188e+01   2.025e+00   1.114e+00
  2.163e+01   2.007e+00   1.109e+00
  2.138e+01   1.989e+00   1.104e+00
  2.113e+01   1.969e+00   1.100e+00
  2.089e+01   1.947e+00   1.093e+00
  2.065e+01   1.927e+00   1.086e+00
  2.042e+01   1.907e+00   1.079e+00
  2.018e+01   1.884e+00   1.075e+00
  1.995e+01   1.859e+00   1.067e+00
  1.972e+01   1.831e+00   1.053e+00
  1.950e+01   1.804e+00   1.037e+00
  1.928e+01   1.779e+00   1.019e+00
  1.905e+01   1.757e+00   9.992e-01
  1.884e+01   1.737e+00   9.772e-01
  1.862e+01   1.717e+00   9.517e-01
  1.841e+01   1.700e+00   9.243e-01
  1.820e+01   1.685e+00   8.960e-01
  1.799e+01   1.674e+00   8.686e-01
  1.778e+01   1.665e+00   8.408e-01
  1.758e+01   1.659e+00   8.117e-01
  1.738e+01   1.654e+00   7.822e-01
  1.718e+01   1.652e+00   7.531e-01
  1.698e+01   1.654e+00   7.260e-01
  1.679e+01   1.657e+00   6.995e-01
  1.660e+01   1.662e+00   6.727e-01
  1.641e+01   1.668e+00   6.466e-01
  1.622e+01   1.678e+00   6.221e-01
  1.603e+01   1.689e+00   5.995e-01
  1.585e+01   1.703e+00   5.782e-01
  1.567e+01   1.717e+00   5.581e-01
  1.549e+01   1.733e+00   5.395e-01
  1.531e+01   1.751e+00   5.229e-01
  1.514e+01   1.772e+00   5.081e-01
  1.496e+01   1.793e+00   4.952e-01
  1.479e+01   1.815e+00   4.837e-01
  1.462e+01   1.842e+00   4.738e-01
  1.445e+01   1.871e+00   4.684e-01
  1.429e+01   1.903e+00   4.683e-01
  1.413e+01   1.937e+00   4.748e-01
  1.396e+01   1.969e+00   4.890e-01
  1.380e+01   1.999e+00   5.100e-01
  1.365e+01   2.023e+00   5.377e-01
  1.349e+01   2.041e+00   5.690e-01
  1.334e+01   2.052e+00   6.006e-01
  1.318e+01   2.058e+00   6.327e-01
  1.303e+01   2.062e+00   6.649e-01
  1.288e+01   2.061e+00   6.985e-01
  1.274e+01   2.056e+00   7.338e-01
  1.259e+01   2.046e+00   7.677e-01
  1.245e+01   2.031e+00   7.982e-01
  1.230e+01   2.014e+00   8.265e-01
  1.216e+01   1.996e+00   8.552e-01
  1.202e+01   1.973e+00   8.860e-01
  1.189e+01   1.945e+00   9.122e-01
  1.175e+01   1.912e+00   9.329e-01
  1.161e+01   1.881e+00   9.492e-01
  1.148e+01   1.851e+00   9.635e-01
  1.135e+01   1.820e+00   9.800e-01
  1.122e+01   1.786e+00   9.951e-01
  1.109e+01   1.749e+00   1.007e+00
  1.096e+01   1.711e+00   1.016e+00
  1.084e+01   1.672e+00   1.025e+00
  1.072e+01   1.629e+00   1.034e+00
  1.059e+01   1.578e+00   1.038e+00
  1.047e+01   1.524e+00   1.032e+00
  1.035e+01   1.472e+00   1.015e+00
  1.023e+01   1.429e+00   9.911e-01
  1.012e+01   1.393e+00   9.674e-01
  1.000e+01   1.360e+00   9.466e-01
  9.886e+00   1.325e+00   9.286e-01
  9.772e+00   1.288e+00   9.096e-01
  9.661e+00   1.246e+00   8.877e-01
  9.550e+00   1.201e+00   8.579e-01
  9.441e+00   1.158e+00   8.190e-01
  9.333e+00   1.120e+00   7.716e-01
  9.226e+00   1.089e+00   7.175e-01
  9.120e+00   1.068e+00   6.594e-01
  9.016e+00   1.057e+00   6.006e-01
  8.913e+00   1.056e+00   5.449e-01
  8.810e+00   1.062e+00   4.947e-01
  8.710e+00   1.072e+00   4.513e-01
  8.610e+00   1.082e+00   4.143e-01
  8.511e+00   1.090e+00   3.811e-01
  8.414e+00   1.095e+00   3.477e-01
  8.318e+00   1.099e+00   3.105e-01
  8.222e+00   1.109e+00   2.694e-01
  8.128e+00   1.126e+00   2.285e-01
  8.035e+00   1.146e+00   1.920e-01
  7.943e+00   1.170e+00   1.606e-01
  7.852e+00   1.198e+00   1.342e-01
  7.762e+00   1.227e+00   1.125e-01
  7.674e+00   1.255e+00   9.562e-02
  7.586e+00   1.283e+00   8.249e-02
  7.499e+00   1.308e+00   7.324e-02
  7.413e+00   1.332e+00   6.696e-02
  7.328e+00   1.354e+00   6.294e-02
  7.244e+00   1.374e+00   6.052e-02
  7.161e+00   1.391e+00   5.883e-02
  7.079e+00   1.406e+00   5.813e-02
  6.998e+00   1.420e+00   5.758e-02
  6.918e+00   1.433e+00   5.728e-02
  6.839e+00   1.444e+00   5.705e-02
  6.761e+00   1.455e+00   5.684e-02
  6.683e+00   1.464e+00   5.662e-02
  6.607e+00   1.473e+00   5.632e-02
  6.531e+00   1.482e+00   5.598e-02
  6.457e+00   1.489e+00   5.559e-02
  6.383e+00   1.496e+00   5.516e-02
  6.310e+00   1.503e+00   5.466e-02
  6.237e+00   1.510e+00   5.411e-02
  6.166e+00   1.516e+00   5.350e-02
  6.095e+00   1.522e+00   5.283e-02
  6.026e+00   1.528e+00   5.218e-02
  5.957e+00   1.533e+00   5.155e-02
  5.888e+00   1.538e+00   5.093e-02
  5.821e+00   1.543e+00   5.035e-02
  5.754e+00   1.548e+00   4.979e-02
  5.689e+00   1.553e+00   4.925e-02
  5.623e+00   1.557e+00   4.875e-02
  5.559e+00   1.561e+00   4.828e-02
  5.495e+00   1.565e+00   4.784e-02
  5.433e+00   1.569e+00   4.743e-02
  5.370e+00   1.573e+00   4.704e-02
  5.309e+00   1.577e+00   4.667e-02
  5.248e+00   1.580e+00   4.633e-02
  5.188e+00   1.584e+00   4.601e-02
  5.129e+00   1.587e+00   4.572e-02
  5.070e+00   1.590e+00   4.545e-02
  5.012e+00   1.593e+00   4.520e-02
  4.955e+00   1.596e+00   4.498e-02
  4.898e+00   1.599e+00   4.476e-02
  4.842e+00   1.602e+00   4.456e-02
  4.786e+00   1.604e+00   4.436e-02
  4.732e+00   1.607e+00   4.418e-02
  4.677e+00   1.609e+00   4.402e-02
  4.624e+00   1.612e+00   4.386e-02
  4.571e+00   1.614e+00   4.370e-02
  4.519e+00   1.616e+00   4.355e-02
  4.467e+00   1.618e+00   4.341e-02
  4.416e+00   1.620e+00   4.328e-02
  4.365e+00   1.622e+00   4.317e-02
  4.315e+00   1.624e+00   4.305e-02
  4.266e+00   1.625e+00   4.293e-02
  4.217e+00   1.627e+00   4.282e-02
  4.169e+00   1.629e+00   4.271e-02
  4.121e+00   1.630e+00   4.258e-02
  4.074e+00   1.632e+00   4.244e-02
  4.027e+00   1.633e+00   4.229e-02
  3.981e+00   1.635e+00   4.214e-02
  3.936e+00   1.636e+00   4.198e-02
  3.890e+00   1.637e+00   4.183e-02
  3.846e+00   1.638e+00   4.167e-02
  3.802e+00   1.640e+00   4.153e-02
  3.758e+00   1.641e+00   4.138e-02
  3.715e+00   1.642e+00   4.123e-02
  3.673e+00   1.643e+00   4.108e-02
  3.631e+00   1.644e+00   4.094e-02
  3.589e+00   1.645e+00   4.079e-02
  3.548e+00   1.646e+00   4.064e-02
  3.508e+00   1.647e+00   4.049e-02
  3.467e+00   1.648e+00   4.034e-02
  3.428e+00   1.649e+00   4.019e-02
  3.388e+00   1.649e+00   4.004e-02
  3.350e+00   1.650e+00   3.987e-02
  3.311e+00   1.651e+00   3.970e-02
  3.273e+00   1.652e+00   3.952e-02
  3.236e+00   1.652e+00   3.932e-02
  3.199e+00   1.653e+00   3.911e-02
  3.162e+00   1.654e+00   3.891e-02
  3.126e+00   1.655e+00   3.872e-02
  3.090e+00   1.655e+00   3.854e-02
  3.055e+00   1.656e+00   3.838e-02
  3.020e+00   1.657e+00   3.823e-02
  2.985e+00   1.657e+00   3.807e-02
  2.951e+00   1.658e+00   3.792e-02
  2.917e+00   1.658e+00   3.777e-02
  2.884e+00   1.659e+00   3.762e-02
  2.851e+00   1.660e+00   3.748e-02
  2.818e+00   1.660e+00   3.734e-02
  2.786e+00   1.661e+00   3.719e-02
  2.754e+00   1.661e+00   3.706e-02
  2.723e+00   1.662e+00   3.692e-02
  2.692e+00   1.662e+00   3.678e-02
  2.661e+00   1.663e+00   3.665e-02
  2.630e+00   1.663e+00   3.651e-02
  2.600e+00   1.664e+00   3.638e-02
  2.570e+00   1.664e+00   3.626e-02
  2.541e+00   1.664e+00   3.613e-02
  2.512e+00   1.665e+00   3.601e-02
  2.483e+00   1.665e+00   3.589e-02
  2.455e+00   1.665e+00   3.578e-02
  2.427e+00   1.666e+00   3.567e-02
  2.399e+00   1.666e+00   3.556e-02
  2.371e+00   1.666e+00   3.545e-02
  2.344e+00   1.667e+00   3.534e-02
  2.317e+00   1.667e+00   3.523e-02
  2.291e+00   1.667e+00   3.512e-02
  2.265e+00   1.668e+00   3.501e-02
  2.239e+00   1.668e+00   3.490e-02
  2.213e+00   1.668e+00   3.480e-02
  2.188e+00   1.668e+00   3.469e-02
  2.163e+00   1.669e+00   3.459e-02
  2.138e+00   1.669e+00   3.449e-02
  2.113e+00   1.669e+00   3.440e-02
  2.089e+00   1.669e+00   3.431e-02
  2.065e+00   1.669e+00   3.422e-02
  2.042e+00   1.670e+00   3.412e-02
  2.018e+00   1.670e+00   3.403e-02
  1.995e+00   1.670e+00   3.394e-02
  1.972e+00   1.670e+00   3.385e-02
  1.950e+00   1.670e+00   3.376e-02
  1.928e+00   1.671e+00   3.367e-02
  1.905e+00   1.671e+00   3.358e-02
  1.884e+00   1.671e+00   3.350e-02
  1.862e+00   1.671e+00   3.341e-02
  1.841e+00   1.671e+00   3.333e-02
  1.820e+00   1.671e+00   3.325e-02
  1.799e+00   1.671e+00   3.317e-02
  1.778e+00   1.672e+00   3.310e-02
  1.758e+00   1.672e+00   3.303e-02
  1.738e+00   1.672e+00   3.296e-02
  1.718e+00   1.672e+00   3.290e-02
  1.698e+00   1.672e+00   3.284e-02
  1.679e+00   1.672e+00   3.278e-02
  1.660e+00   1.672e+00   3.273e-02
  1.641e+00   1.672e+00   3.267e-02
  1.622e+00   1.672e+00   3.262e-02
  1.603e+00   1.672e+00   3.257e-02
  1.585e+00   1.672e+00   3.252e-02
  1.567e+00   1.673e+00   3.248e-02
  1.549e+00   1.673e+00   3.243e-02
  1.531e+00   1.673e+00   3.237e-02
  1.514e+00   1.673e+00   3.232e-02
  1.496e+00   1.673e+00   3.226e-02
  1.479e+00   1.673e+00   3.221e-02
  1.462e+00   1.673e+00   3.215e-02
  1.445e+00   1.673e+00   3.210e-02
  1.429e+00   1.673e+00   3.205e-02
  1.413e+00   1.673e+00   3.200e-02
  1.396e+00   1.673e+00   3.195e-02
  1.380e+00   1.673e+00   3.190e-02
  1.365e+00   1.673e+00   3.185e-02
  1.349e+00   1.673e+00   3.179e-02
  1.334e+00   1.673e+00   3.174e-02
  1.318e+00   1.673e+00   3.169e-02
  1.303e+00   1.673e+00   3.163e-02
  1.288e+00   1.673e+00   3.158e-02
  1.274e+00   1.673e+00   3.154e-02
  1.259e+00   1.673e+00   3.150e-02
  1.245e+00   1.673e+00   3.146e-02
  1.230e+00   1.673e+00   3.143e-02
  1.216e+00   1.673e+00   3.141e-02
  1.202e+00   1.673e+00   3.138e-02
  1.189e+00   1.673e+00   3.135e-02
  1.175e+00   1.673e+00   3.133e-02
  1.161e+00   1.673e+00   3.130e-02
  1.148e+00   1.673e+00   3.128e-02
  1.135e+00   1.674e+00   3.125e-02
  1.122e+00   1.674e+00   3.123e-02
  1.109e+00   1.674e+00   3.121e-02
  1.096e+00   1.674e+00   3.118e-02
  1.084e+00   1.674e+00   3.116e-02
  1.072e+00   1.674e+00   3.113e-02
  1.059e+00   1.674e+00   3.111e-02
  1.047e+00   1.674e+00   3.109e-02
  1.035e+00   1.674e+00   3.107e-02
  1.023e+00   1.674e+00   3.104e-02
  1.012e+00   1.674e+00   3.102e-02
  1.000e+00   1.674e+00   3.100e-02
  9.886e-01   1.674e+00   3.098e-02
  9.772e-01   1.674e+00   3.096e-02
  9.661e-01   1.673e+00   3.094e-02
  9.550e-01   1.673e+00   3.092e-02
  9.441e-01   1.673e+00   3.091e-02
  9.333e-01   1.673e+00   3.089e-02
  9.226e-01   1.673e+00   3.087e-02
  9.120e-01   1.673e+00   3.085e-02
  9.016e-01   1.673e+00   3.083e-02
  8.913e-01   1.673e+00   3.081e-02
  8.810e-01   1.673e+00   3.080e-02
  8.710e-01   1.674e+00   3.078e-02
  8.610e-01   1.674e+00   3.076e-02
  8.511e-01   1.674e+00   3.074e-02
  8.414e-01   1.674e+00   3.072e-02
  8.318e-01   1.674e+00   3.070e-02
  8.222e-01   1.674e+00   3.068e-02
  8.128e-01   1.674e+00   3.066e-02
  8.035e-01   1.674e+00   3.064e-02
  7.943e-01   1.674e+00   3.062e-02
  7.852e-01   1.674e+00   3.060e-02
  7.762e-01   1.674e+00   3.058e-02
  7.674e-01   1.674e+00   3.056e-02
  7.586e-01   1.674e+00   3.054e-02
  7.499e-01   1.674e+00   3.051e-02
  7.413e-01   1.674e+00   3.049e-02
  7.328e-01   1.674e+00   3.047e-02
  7.244e-01   1.674e+00   3.045e-02
  7.161e-01   1.675e+00   3.043e-02
  7.079e-01   1.675e+00   3.041e-02
  6.998e-01   1.675e+00   3.039e-02
  6.918e-01   1.675e+00   3.037e-02
  6.839e-01   1.675e+00   3.035e-02
  6.761e-01   1.675e+00   3.033e-02
  6.683e-01   1.675e+00   3.031e-02
  6.607e-01   1.675e+00   3.029e-02
  6.531e-01   1.675e+00   3.027e-02
  6.457e-01   1.675e+00   3.026e-02
  6.383e-01   1.676e+00   3.025e-02
  6.310e-01   1.676e+00   3.023e-02
  6.237e-01   1.676e+00   3.022e-02
  6.166e-01   1.676e+00   3.020e-02
  6.095e-01   1.677e+00   3.019e-02
  6.026e-01   1.677e+00   3.017e-02
  5.957e-01   1.677e+00   3.016e-02
  5.888e-01   1.677e+00   3.015e-02
  5.821e-01   1.677e+00   3.013e-02
  5.754e-01   1.678e+00   3.012e-02
  5.689e-01   1.678e+00   3.011e-02
  5.623e-01   1.678e+00   3.009e-02
  5.559e-01   1.678e+00   3.008e-02
  5.495e-01   1.679e+00   3.007e-02
  5.433e-01   1.679e+00   3.006e-02
  5.370e-01   1.679e+00   3.004e-02
  5.309e-01   1.679e+00   3.003e-02
  5.248e-01   1.680e+00   3.002e-02
  5.188e-01   1.680e+00   3.001e-02
  5.129e-01   1.680e+00   2.999e-02
  5.070e-01   1.681e+00   2.998e-02
  5.012e-01   1.681e+00   2.997e-02
  4.955e-01   1.681e+00   2.996e-02
  4.898e-01   1.682e+00   2.995e-02
  4.842e-01   1.682e+00   2.994e-02
  4.786e-01   1.683e+00   2.992e-02
  4.732e-01   1.683e+00   2.991e-02
  4.677e-01   1.684e+00   2.990e-02
  4.624e-01   1.684e+00   2.989e-02
  4.571e-01   1.684e+00   2.988e-02
  4.519e-01   1.685e+00   2.987e-02
  4.467e-01   1.686e+00   2.985e-02
  4.416e-01   1.686e+00   2.984e-02
  4.365e-01   1.687e+00   2.983e-02
  4.315e-01   1.687e+00   2.982e-02
  4.266e-01   1.688e+00   2.981e-02
  4.217e-01   1.688e+00   2.980e-02
  4.169e-01   1.689e+00   2.979e-02
  4.121e-01   1.690e+00   2.978e-02
  4.074e-01   1.691e+00   2.977e-02
  4.027e-01   1.691e+00   2.975e-02
  3.981e-01   1.692e+00   2.973e-02
  3.936e-01   1.693e+00   2.971e-02
  3.890e-01   1.694e+00   2.969e-02
  3.846e-01   1.694e+00   2.967e-02
  3.802e-01   1.695e+00   2.964e-02
  3.758e-01   1.696e+00   2.962e-02
  3.715e-01   1.697e+00   2.960e-02
  3.673e-01   1.698e+00   2.957e-02
  3.631e-01   1.699e+00   2.955e-02
  3.589e-01   1.700e+00   2.953e-02
  3.548e-01   1.701e+00   2.952e-02
  3.508e-01   1.702e+00   2.950e-02
  3.467e-01   1.703e+00   2.947e-02
  3.428e-01   1.705e+00   2.945e-02
  3.388e-01   1.706e+00   2.942e-02
  3.350e-01   1.707e+00   2.940e-02
  3.311e-01   1.708e+00   2.937e-02
  3.273e-01   1.710e+00   2.934e-02
  3.236e-01   1.711e+00   2.931e-02
  3.199e-01   1.712e+00   2.929e-02
  3.162e-01   1.714e+00   2.926e-02
  3.126e-01   1.716e+00   2.923e-02
  3.090e-01   1.717e+00   2.920e-02
  3.055e-01   1.719e+00   2.917e-02
  3.020e-01   1.721e+00   2.913e-02
  2.985e-01   1.723e+00   2.910e-02
  2.951e-01   1.725e+00   2.906e-02
  2.917e-01   1.727e+00   2.902e-02
  2.884e-01   1.729e+00   2.899e-02
  2.851e-01   1.731e+00   2.895e-02
  2.818e-01   1.733e+00   2.891e-02
  2.786e-01   1.735e+00   2.887e-02
  2.754e-01   1.738e+00   2.883e-02
  2.723e-01   1.740e+00   2.878e-02
  2.692e-01   1.743e+00   2.874e-02
  2.661e-01   1.746e+00   2.868e-02
  2.630e-01   1.749e+00   2.863e-02
  2.600e-01   1.752e+00   2.857e-02
  2.570e-01   1.755e+00   2.853e-02
  2.541e-01   1.758e+00   2.848e-02
  2.512e-01   1.762e+00   2.840e-02
  2.483e-01   1.765e+00   2.822e-02
  2.455e-01   1.769e+00   2.792e-02
  2.427e-01   1.773e+00   2.751e-02
  2.399e-01   1.777e+00   2.702e-02
  2.371e-01   1.782e+00   2.681e-02
  2.344e-01   1.788e+00   2.676e-02
  2.317e-01   1.793e+00   2.684e-02
  2.291e-01   1.799e+00   2.700e-02
  2.265e-01   1.806e+00   2.737e-02
  2.239e-01   1.813e+00   2.843e-02
  2.213e-01   1.820e+00   3.027e-02
  2.188e-01   1.827e+00   3.223e-02
  2.163e-01   1.834e+00   3.444e-02
  2.138e-01   1.841e+00   3.693e-02
  2.113e-01   1.848e+00   3.975e-02
  2.089e-01   1.856e+00   4.244e-02
  2.065e-01   1.863e+00   4.511e-02
  2.042e-01   1.871e+00   4.810e-02
  2.018e-01   1.879e+00   5.140e-02
  1.995e-01   1.888e+00   5.495e-02
  1.972e-01   1.897e+00   5.863e-02
  1.950e-01   1.907e+00   6.288e-02
  1.928e-01   1.917e+00   6.773e-02
  1.905e-01   1.927e+00   7.319e-02
  1.884e-01   1.938e+00   7.991e-02
  1.862e-01   1.948e+00   8.739e-02
  1.841e-01   1.959e+00   9.540e-02
  1.820e-01   1.970e+00   1.040e-01
  1.799e-01   1.982e+00   1.131e-01
  1.778e-01   1.993e+00   1.222e-01
  1.758e-01   2.005e+00   1.319e-01
  1.738e-01   2.017e+00   1.421e-01
  1.718e-01   2.029e+00   1.528e-01
  1.698e-01   2.042e+00   1.643e-01
  1.679e-01   2.057e+00   1.774e-01
  1.660e-01   2.072e+00   1.918e-01
  1.641e-01   2.088e+00   2.075e-01
  1.622e-01   2.106e+00   2.254e-01
  1.603e-01   2.126e+00   2.459e-01
  1.585e-01   2.154e+00   2.631e-01
  1.567e-01   2.179e+00   2.892e-01
  1.549e-01   2.202e+00   3.274e-01
  1.531e-01   2.223e+00   3.891e-01
  1.514e-01   2.232e+00   4.629e-01
  1.496e-01   2.230e+00   5.492e-01
  1.479e-01   2.199e+00   6.349e-01
  1.462e-01   2.135e+00   7.155e-01
  1.445e-01   2.040e+00   7.496e-01
  1.429e-01   1.950e+00   7.464e-01
  1.413e-01   1.875e+00   7.100e-01
  1.396e-01   1.850e+00   6.444e-01
  1.380e-01   1.861e+00   6.115e-01
  1.365e-01   1.880e+00   6.058e-01
  1.349e-01   1.889e+00   6.177e-01
  1.334e-01   1.887e+00   6.347e-01
  1.318e-01   1.870e+00   6.471e-01
  1.303e-01   1.853e+00   6.505e-01
  1.288e-01   1.849e+00   6.388e-01
  1.274e-01   1.856e+00   6.371e-01
  1.259e-01   1.867e+00   6.542e-01
  1.245e-01   1.870e+00   6.768e-01
  1.230e-01   1.862e+00   7.001e-01
  1.216e-01   1.849e+00   7.217e-01
  1.202e-01   1.833e+00   7.392e-01
  1.189e-01   1.816e+00   7.536e-01
  1.175e-01   1.798e+00   7.641e-01
  1.161e-01   1.782e+00   7.718e-01
  1.148e-01   1.768e+00   7.781e-01
  1.135e-01   1.759e+00   7.818e-01
  1.122e-01   1.752e+00   7.885e-01
  1.109e-01   1.748e+00   7.988e-01
  1.096e-01   1.746e+00   8.181e-01
  1.084e-01   1.742e+00   8.421e-01
  1.072e-01   1.730e+00   8.707e-01
  1.059e-01   1.707e+00   8.996e-01
  1.047e-01   1.677e+00   9.256e-01
  1.035e-01   1.642e+00   9.418e-01
  1.023e-01   1.605e+00   9.516e-01
  1.012e-01   1.574e+00   9.554e-01
  1.000e-01   1.545e+00   9.562e-01
  9.886e-02   1.520e+00   9.574e-01
  9.772e-02   1.495e+00   9.585e-01
  9.661e-02   1.471e+00   9.605e-01
  9.550e-02   1.446e+00   9.620e-01
  9.441e-02   1.419e+00   9.621e-01
  9.333e-02   1.392e+00   9.599e-01
  9.226e-02   1.362e+00   9.550e-01
  9.120e-02   1.334e+00   9.457e-01
  9.016e-02   1.313e+00   9.238e-01
  8.913e-02   1.296e+00   9.060e-01
  8.810e-02   1.289e+00   8.995e-01
  8.710e-02   1.292e+00   9.027e-01
  8.610e-02   1.292e+00   9.062e-01
  8.511e-02   1.289e+00   9.100e-01
  8.414e-02   1.282e+00   9.142e-01
  8.318e-02   1.272e+00   9.188e-01
  8.222e-02   1.255e+00   9.241e-01
  8.128e-02   1.231e+00   9.293e-01
  8.035e-02   1.205e+00   9.336e-01
  7.943e-02   1.176e+00   9.369e-01
  7.852e-02   1.146e+00   9.393e-01
  7.762e-02   1.113e+00   9.406e-01
  7.674e-02   1.086e+00   9.371e-01
  7.586e-02   1.059e+00   9.315e-01
  7.499e-02   1.033e+00   9.243e-01
  7.413e-02   1.008e+00   9.155e-01
  7.328e-02   9.824e-01   9.051e-01
  7.244e-02   9.573e-01   8.943e-01
  7.161e-02   9.323e-01   8.832e-01
  7.079e-02   9.074e-01   8.709e-01
  6.998e-02   8.826e-01   8.574e-01
  6.918e-02   8.580e-01   8.427e-01
  6.839e-02   8.328e-01   8.272e-01
  6.761e-02   8.075e-01   8.102e-01
  6.683e-02   7.826e-01   7.911e-01
  6.607e-02   7.581e-01   7.699e-01
  6.531e-02   7.341e-01   7.463e-01
  6.457e-02   7.079e-01   7.183e-01
  6.383e-02   6.844e-01   6.872e-01
  6.310e-02   6.639e-01   6.532e-01
  6.237e-02   6.464e-01   6.163e-01
  6.166e-02   6.352e-01   5.724e-01
  6.095e-02   6.321e-01   5.245e-01
  6.026e-02   6.342e-01   4.785e-01
  5.957e-02   6.416e-01   4.342e-01
  5.888e-02   6.562e-01   3.955e-01
  5.821e-02   6.787e-01   3.729e-01
  5.754e-02   7.023e-01   3.550e-01
  5.689e-02   7.269e-01   3.420e-01
  5.623e-02   7.503e-01   3.332e-01
  5.559e-02   7.631e-01   3.238e-01
  5.495e-02   7.736e-01   3.157e-01
  5.432e-02   7.819e-01   3.091e-01
  5.370e-02   7.888e-01   3.032e-01
  5.309e-02   7.965e-01   2.969e-01
  5.248e-02   8.036e-01   2.908e-01
  5.188e-02   8.100e-01   2.852e-01
  5.129e-02   8.158e-01   2.798e-01
  5.070e-02   8.212e-01   2.746e-01
  5.012e-02   8.262e-01   2.696e-01
  4.955e-02   8.307e-01   2.648e-01
  4.898e-02   8.349e-01   2.601e-01
  4.842e-02   8.389e-01   2.555e-01
  4.786e-02   8.425e-01   2.511e-01
  4.732e-02   8.459e-01   2.468e-01
  4.677e-02   8.490e-01   2.425e-01
  4.624e-02   8.519e-01   2.384e-01
  4.571e-02   8.547e-01   2.344e-01
  4.519e-02   8.573e-01   2.305e-01
  4.467e-02   8.597e-01   2.266e-01
  4.416e-02   8.620e-01   2.228e-01
  4.365e-02   8.642e-01   2.190e-01
  4.315e-02   8.663e-01   2.153e-01
  4.266e-02   8.683e-01   2.116e-01
  4.217e-02   8.701e-01   2.080e-01
  4.169e-02   8.719e-01   2.044e-01
  4.121e-02   8.736e-01   2.008e-01
  4.074e-02   8.752e-01   1.974e-01
  4.027e-02   8.767e-01   1.939e-01
  3.981e-02   8.782e-01   1.905e-01
  3.935e-02   8.797e-01   1.871e-01
  3.890e-02   8.811e-01   1.838e-01
  3.846e-02   8.825e-01   1.805e-01
  3.802e-02   8.838e-01   1.772e-01
  3.758e-02   8.850e-01   1.739e-01
  3.715e-02   8.863e-01   1.707e-01
  3.673e-02   8.875e-01   1.676e-01
  3.631e-02   8.886e-01   1.644e-01
  3.589e-02   8.898e-01   1.613e-01
  3.548e-02   8.910e-01   1.583e-01
  3.508e-02   8.921e-01   1.552e-01
  3.467e-02   8.932e-01   1.522e-01
  3.428e-02   8.944e-01   1.493e-01
  3.388e-02   8.955e-01   1.463e-01
  3.350e-02   8.966e-01   1.434e-01
  3.311e-02   8.977e-01   1.405e-01
  3.273e-02   8.988e-01   1.377e-01
  3.236e-02   8.999e-01   1.349e-01
  3.199e-02   9.009e-01   1.321e-01
  3.162e-02   9.020e-01   1.293e-01
  3.126e-02   9.031e-01   1.266e-01
  3.090e-02   9.041e-01   1.239e-01
  3.055e-02   9.052e-01   1.213e-01
  3.020e-02   9.063e-01   1.187e-01
  2.985e-02   9.074e-01   1.162e-01
  2.951e-02   9.084e-01   1.136e-01
  2.917e-02   9.095e-01   1.111e-01
  2.884e-02   9.106e-01   1.086e-01
  2.851e-02   9.117e-01   1.062e-01
  2.818e-02   9.128e-01   1.037e-01
  2.786e-02   9.139e-01   1.014e-01
  2.754e-02   9.150e-01   9.909e-02
  2.723e-02   9.161e-01   9.682e-02
  2.692e-02   9.172e-01   9.459e-02
  2.661e-02   9.184e-01   9.236e-02
  2.630e-02   9.195e-01   9.017e-02
  2.600e-02   9.207e-01   8.801e-02
  2.570e-02   9.218e-01   8.589e-02
  2.541e-02   9.230e-01   8.381e-02
  2.512e-02   9.242e-01   8.177e-02
  2.483e-02   9.254e-01   7.976e-02
  2.455e-02   9.267e-01   7.778e-02
  2.427e-02   9.280e-01   7.584e-02
  2.399e-02   9.293e-01   7.394e-02
  2.371e-02   9.307e-01   7.207e-02
  2.344e-02   9.322e-01   7.021e-02
  2.317e-02   9.341e-01   6.836e-02
  2.291e-02   9.361e-01   6.885e-02
  2.265e-02   9.365e-01   6.731e-02
  2.239e-02   9.372e-01   6.584e-02
  2.213e-02   9.381e-01   6.439e-02
  2.188e-02   9.391e-01   6.299e-02
  2.163e-02   9.401e-01   6.161e-02
  2.138e-02   9.411e-01   6.025e-02
  2.113e-02   9.421e-01   5.893e-02
  2.089e-02   9.431e-01   5.762e-02
  2.065e-02   9.443e-01   5.635e-02
  2.042e-02   9.455e-01   5.509e-02
  2.018e-02   9.468e-01   5.387e-02
  1.995e-02   9.481e-01   5.267e-02
  1.972e-02   9.495e-01   5.151e-02
  1.950e-02   9.511e-01   5.037e-02
  1.928e-02   9.527e-01   4.927e-02
  1.905e-02   9.542e-01   4.821e-02
  1.884e-02   9.538e-01   5.158e-02
  1.862e-02   9.536e-01   5.041e-02
  1.841e-02   9.537e-01   4.926e-02
  1.820e-02   9.540e-01   4.813e-02
  1.799e-02   9.542e-01   4.702e-02
  1.778e-02   9.546e-01   4.594e-02
  1.758e-02   9.551e-01   4.490e-02
  1.738e-02   9.556e-01   4.388e-02
  1.718e-02   9.562e-01   4.288e-02
  1.698e-02   9.568e-01   4.191e-02
  1.679e-02   9.574e-01   4.096e-02
  1.660e-02   9.580e-01   4.003e-02
  1.641e-02   9.587e-01   3.912e-02
  1.622e-02   9.593e-01   3.824e-02
  1.603e-02   9.599e-01   3.737e-02
  1.585e-02   9.605e-01   3.651e-02
  1.567e-02   9.611e-01   3.568e-02
  1.549e-02   9.618e-01   3.487e-02
  1.531e-02   9.624e-01   3.406e-02
  1.514e-02   9.630e-01   3.327e-02
  1.496e-02   9.636e-01   3.249e-02
  1.479e-02   9.642e-01   3.172e-02
  1.462e-02   9.649e-01   3.098e-02
  1.445e-02   9.655e-01   3.024e-02
  1.429e-02   9.661e-01   2.951e-02
  1.413e-02   9.668e-01   2.880e-02
  1.396e-02   9.675e-01   2.810e-02
  1.380e-02   9.682e-01   2.742e-02
  1.365e-02   9.691e-01   2.673e-02
  1.349e-02   9.701e-01   2.606e-02
  1.334e-02   9.708e-01   2.676e-02
  1.318e-02   9.708e-01   2.611e-02
  1.303e-02   9.712e-01   2.547e-02
  1.288e-02   9.721e-01   2.482e-02
  1.274e-02   9.724e-01   2.528e-02
  1.259e-02   9.725e-01   2.465e-02
  1.245e-02   9.726e-01   2.403e-02
  1.230e-02   9.729e-01   2.342e-02
  1.216e-02   9.732e-01   2.282e-02
  1.202e-02   9.736e-01   2.223e-02
  1.189e-02   9.740e-01   2.165e-02
  1.175e-02   9.745e-01   2.108e-02
  1.161e-02   9.750e-01   2.052e-02
  1.148e-02   9.757e-01   1.996e-02
  1.135e-02   9.764e-01   1.942e-02
  1.122e-02   9.771e-01   1.889e-02
  1.109e-02   9.780e-01   1.837e-02
  1.096e-02   9.789e-01   1.786e-02
  1.084e-02   9.806e-01   1.735e-02
  1.072e-02   9.825e-01   1.684e-02
  1.059e-02   9.827e-01   2.157e-02
  1.047e-02   9.803e-01   2.107e-02
  1.035e-02   9.798e-01   2.054e-02
  1.023e-02   9.797e-01   2.001e-02
  1.012e-02   9.797e-01   1.949e-02
  1.000e-02   9.796e-01   1.897e-02
  9.886e-03   9.797e-01   1.846e-02
  9.772e-03   9.797e-01   1.797e-02
  9.661e-03   9.798e-01   1.748e-02
  9.550e-03   9.799e-01   1.699e-02
  9.441e-03   9.800e-01   1.653e-02
  9.333e-03   9.802e-01   1.607e-02
  9.226e-03   9.804e-01   1.562e-02
  9.120e-03   9.806e-01   1.518e-02
  9.016e-03   9.808e-01   1.475e-02
  8.913e-03   9.811e-01   1.433e-02
  8.810e-03   9.813e-01   1.392e-02
  8.710e-03   9.816e-01   1.352e-02
  8.610e-03   9.818e-01   1.312e-02
  8.511e-03   9.821e-01   1.274e-02
  8.414e-03   9.823e-01   1.237e-02
  8.318e-03   9.826e-01   1.200e-02
  8.222e-03   9.829e-01   1.165e-02
  8.128e-03   9.832e-01   1.130e-02
  8.035e-03   9.834e-01   1.097e-02
  7.943e-03   9.837e-01   1.064e-02
  7.852e-03   9.840e-01   1.032e-02
  7.762e-03   9.843e-01   1.002e-02
  7.674e-03   9.846e-01   9.713e-03
  7.586e-03   9.850e-01   9.417e-03
  7.499e-03   9.854e-01   9.129e-03
  7.413e-03   9.859e-01   8.849e-03
  7.328e-03   9.861e-01   9.379e-03
  7.244e-03   9.860e-01   9.100e-03
  7.161e-03   9.861e-01   8.824e-03
  7.079e-03   9.862e-01   8.556e-03
  6.998e-03   9.864e-01   8.298e-03
  6.918e-03   9.866e-01   8.046e-03
  6.839e-03   9.868e-01   7.800e-03
  6.761e-03   9.870e-01   7.560e-03
  6.683e-03   9.872e-01   7.326e-03
  6.607e-03   9.874e-01   7.098e-03
  6.531e-03   9.876e-01   6.877e-03
  6.457e-03   9.878e-01   6.666e-03
  6.383e-03   9.880e-01   6.459e-03
  6.310e-03   9.882e-01   6.257e-03
  6.237e-03   9.884e-01   6.061e-03
  6.166e-03   9.886e-01   5.872e-03
  6.095e-03   9.888e-01   5.691e-03
  6.026e-03   9.890e-01   5.514e-03
  5.957e-03   9.892e-01   5.341e-03
  5.888e-03   9.894e-01   5.171e-03
  5.821e-03   9.896e-01   5.005e-03
  5.754e-03   9.898e-01   4.844e-03
  5.689e-03   9.900e-01   4.688e-03
  5.623e-03   9.902e-01   4.536e-03
  5.559e-03   9.903e-01   4.391e-03
  5.495e-03   9.905e-01   4.250e-03
  5.433e-03   9.907e-01   4.112e-03
  5.370e-03   9.909e-01   3.979e-03
  5.309e-03   9.911e-01   3.850e-03
  5.248e-03   9.912e-01   3.726e-03
  5.188e-03   9.914e-01   3.606e-03
  5.129e-03   9.916e-01   3.490e-03
  5.070e-03   9.917e-01   3.376e-03
  5.012e-03   9.919e-01   3.265e-03
  4.954e-03   9.921e-01   3.158e-03
  4.898e-03   9.922e-01   3.054e-03
  4.842e-03   9.924e-01   2.954e-03
  4.786e-03   9.925e-01   2.857e-03
  4.732e-03   9.927e-01   2.764e-03
  4.677e-03   9.928e-01   2.672e-03
  4.624e-03   9.930e-01   2.583e-03
  4.571e-03   9.931e-01   2.497e-03
  4.519e-03   9.933e-01   2.414e-03
  4.467e-03   9.934e-01   2.334e-03
  4.416e-03   9.935e-01   2.256e-03
  4.365e-03   9.937e-01   2.181e-03
  4.315e-03   9.938e-01   2.108e-03
  4.266e-03   9.939e-01   2.036e-03
  4.217e-03   9.941e-01   1.968e-03
  4.169e-03   9.942e-01   1.901e-03
  4.121e-03   9.943e-01   1.837e-03
  4.074e-03   9.944e-01   1.775e-03
  4.027e-03   9.946e-01   1.714e-03
  3.981e-03   9.947e-01   1.655e-03
  3.935e-03   9.948e-01   1.599e-03
  3.890e-03   9.949e-01   1.544e-03
  3.846e-03   9.950e-01   1.491e-03
  3.802e-03   9.951e-01   1.440e-03
  3.758e-03   9.952e-01   1.390e-03
  3.715e-03   9.953e-01   1.342e-03
  3.673e-03   9.955e-01   1.295e-03
  3.631e-03   9.956e-01   1.250e-03
  3.589e-03   9.957e-01   1.206e-03
  3.548e-03   9.958e-01   1.164e-03
  3.508e-03   9.958e-01   1.123e-03
  3.467e-03   9.959e-01   1.084e-03
  3.428e-03   9.960e-01   1.045e-03
  3.388e-03   9.961e-01   1.009e-03
  3.350e-03   9.962e-01   9.727e-04
  3.311e-03   9.963e-01   9.382e-04
  3.273e-03   9.964e-01   9.049e-04
  3.236e-03   9.965e-01   8.730e-04
  3.199e-03   9.966e-01   8.420e-04
  3.162e-03   9.966e-01   8.117e-04
  3.126e-03   9.967e-01   7.823e-04
  3.090e-03   9.968e-01   7.541e-04
  3.055e-03   9.969e-01   7.281e-04
  3.020e-03   9.969e-01   7.025e-04
  2.985e-03   9.970e-01   6.775e-04
  2.951e-03   9.971e-01   6.530e-04
  2.917e-03   9.972e-01   6.291e-04
  2.884e-03   9.972e-01   6.058e-04
  2.851e-03   9.973e-01   5.831e-04
  2.818e-03   9.974e-01   5.611e-04
  2.786e-03   9.974e-01   5.398e-04
  2.754e-03   9.975e-01   5.192e-04
  2.723e-03   9.976e-01   4.994e-04
  2.692e-03   9.976e-01   4.803e-04
  2.661e-03   9.977e-01   4.619e-04
  2.630e-03   9.978e-01   4.442e-04
  2.600e-03   9.978e-01   4.273e-04
  2.570e-03   9.979e-01   4.112e-04
  2.541e-03   9.980e-01   3.959e-04
  2.512e-03   9.981e-01   3.814e-04
  2.483e-03   9.981e-01   3.679e-04
  2.455e-03   9.982e-01   3.538e-04
  2.427e-03   9.983e-01   3.401e-04
  2.399e-03   9.985e-01   3.270e-04
  2.371e-03   9.986e-01   3.146e-04
  2.344e-03   9.987e-01   3.028e-04
  2.317e-03   9.988e-01   7.783e-04
  2.291e-03   9.986e-01   7.532e-04
  2.265e-03   9.985e-01   7.287e-04
  2.239e-03   9.985e-01   7.050e-04
  2.213e-03   9.985e-01   6.819e-04
  2.188e-03   9.985e-01   6.592e-04
  2.163e-03   9.985e-01   6.370e-04
  2.138e-03   9.986e-01   6.152e-04
  2.113e-03   9.986e-01   5.939e-04
  2.089e-03   9.986e-01   5.732e-04
  2.065e-03   9.986e-01   5.530e-04
  2.042e-03   9.986e-01   5.336e-04
  2.018e-03   9.986e-01   5.148e-04
  1.995e-03   9.987e-01   4.964e-04
  1.972e-03   9.987e-01   4.786e-04
  1.950e-03   9.987e-01   4.614e-04
  1.928e-03   9.987e-01   4.447e-04
  1.905e-03   9.988e-01   4.286e-04
  1.884e-03   9.988e-01   4.128e-04
  1.862e-03   9.988e-01   3.975e-04
  1.841e-03   9.988e-01   3.827e-04
  1.820e-03   9.989e-01   3.684e-04
  1.799e-03   9.989e-01   3.547e-04
  1.778e-03   9.989e-01   3.416e-04
  1.758e-03   9.990e-01   3.288e-04
  1.738e-03   9.990e-01   3.162e-04
  1.718e-03   9.991e-01   3.042e-04
  1.698e-03   9.991e-01   2.927e-04
  1.679e-03   9.992e-01   2.814e-04
  1.660e-03   9.992e-01   4.942e-04
  1.641e-03   9.991e-01   4.764e-04
  1.622e-03   9.991e-01   4.591e-04
  1.603e-03   9.991e-01   4.422e-04
  1.585e-03   9.991e-01   4.258e-04
  1.567e-03   9.991e-01   4.099e-04
  1.549e-03   9.991e-01   3.945e-04
  1.531e-03   9.991e-01   3.796e-04
  1.514e-03   9.992e-01   3.652e-04
  1.496e-03   9.992e-01   3.514e-04
  1.479e-03   9.992e-01   3.737e-04
  1.462e-03   9.992e-01   3.600e-04
  1.445e-03   9.992e-01   3.470e-04
  1.429e-03   9.992e-01   3.344e-04
  1.413e-03   9.992e-01   3.221e-04
  1.396e-03   9.992e-01   3.102e-04
  1.380e-03   9.992e-01   2.986e-04
  1.365e-03   9.992e-01   2.875e-04
  1.349e-03   9.993e-01   2.767e-04
  1.334e-03   9.993e-01   2.663e-04
  1.318e-03   9.993e-01   2.562e-04
  1.303e-03   9.993e-01   2.466e-04
  1.288e-03   9.993e-01   2.373e-04
  1.274e-03   9.993e-01   2.283e-04
  1.259e-03   9.993e-01   2.195e-04
  1.245e-03   9.993e-01   2.110e-04
  1.230e-03   9.994e-01   2.030e-04
  1.216e-03   9.994e-01   1.953e-04
  1.202e-03   9.994e-01   1.879e-04
  1.189e-03   9.994e-01   1.806e-04
  1.175e-03   9.994e-01   1.735e-04
  1.161e-03   9.994e-01   1.666e-04
  1.148e-03   9.994e-01   1.599e-04
  1.135e-03   9.994e-01   1.535e-04
  1.122e-03   9.995e-01   1.473e-04
  1.109e-03   9.995e-01   1.415e-04
  1.096e-03   9.995e-01   1.358e-04
  1.084e-03   9.995e-01   1.304e-04
  1.072e-03   9.995e-01   1.251e-04
  1.059e-03   9.995e-01   1.200e-04
  1.047e-03   9.995e-01   1.152e-04
  1.035e-03   9.995e-01   1.106e-04
  1.023e-03   9.995e-01   1.061e-04
  1.012e-03   9.996e-01   1.016e-04
  1.000e-03   9.996e-01   9.738e-05
