   5.00000000000000D-002  0.827802926829268       0.268296951219512     
   5.56487558013544D-002  0.762808569330370       0.324265791019727     
   6.19356804447755D-002  0.640239084798184       0.588699334922325     
   6.89328711292406D-002  0.850501354112201       0.837290066682942     
   7.67205702431469D-002   1.08553472407986       0.936760532546938     
   8.53880855680308D-002   1.28954269102857       0.908945396646866     
   9.50348144424100D-002   1.43303696431999       0.963007802795251     
  0.105771383630654        1.65811594157901       0.905192941688765     
  0.117720917968673        1.82636453957840       0.821417888040442     
  0.131020452334999        2.04886002622416       0.660974005454592     
  0.145822503139467        2.06508658434435       0.364586430513797     
  0.162296817351009        1.99428605212479       0.232970571022868     
  0.180632319122066        1.93700947379187       0.138546556782817     
  0.201039276333123        1.87505508880298        6.82283728184458D-002
  0.223751711902859        1.80436413963618        2.85514884501325D-002
  0.249030087516345        1.75480988695805        2.84850021879086D-002
  0.277164290547740        1.72722487311992        2.90114187813346D-002
  0.308476958430936        1.70878933587702        2.93468445277460D-002
  0.343327178601354        1.69579719718449        2.96052279868592D-002
  0.382114606439095        1.68656382692327        2.98039352638585D-002
  0.425284048437196        1.67970199394535        2.99578754892413D-002
  0.473330563153858        1.67503616121813        3.00623953937676D-002
  0.526805138445332        1.67180468037082        3.01659442605180D-002
  0.586321010084860        1.66953848484899        3.02811414141103D-002
  0.652560694228316        1.66797065545562        3.04128583440407D-002
  0.726283814373477        1.66698019769766        3.05966205372128D-002
  0.808335812570917        1.66636932983840        3.07883350807977D-002
  0.899657644784966        1.66620000000000        3.09694791909801D-002
   1.00129657158920        1.66599888226587        3.11424590150830D-002
   1.11441816794202        1.66599407669370        3.13557840648913D-002
   1.24031968976797        1.66600000000000        3.15920515227983D-002
   1.38044495063018        1.66569994381171        3.20291376613049D-002
   1.53640087909664        1.66534203091832        3.25270706275993D-002
   1.70997594667670        1.66484022362093        3.30138658274417D-002
   1.90316067765603        1.66353815912322        3.37127068016472D-002
   2.11817047603241        1.66174187366504        3.45653006407801D-002
   2.35747103132732        1.65935411210841        3.55441817064220D-002
   2.62380659462202        1.65599276293397        3.66427396643018D-002
   2.92023144908208        1.65130225071075        3.79455656024353D-002
   3.25014493586808        1.64508370533394        3.95651125861659D-002
   3.61733043710263        1.63713350119674        4.10760794396921D-002
   4.02599876294262        1.62579674065620        4.24760653623500D-002
   4.48083644031097        1.61000095512253        4.36504782726671D-002
   4.98705945705351        1.58708635476805        4.53128974854574D-002
   5.55047307784811        1.55424639507752        4.84543383591574D-002
   6.17753841782323        1.50703753123792        5.38753878975637D-002
   6.87544653733861        1.43076487409553        5.74888464176083D-002
   7.65220090763248        1.25259933157627        9.31362259548657D-002
   8.51670919303484        1.08008918361057       0.386223508618739     
   9.47888540228692        1.16621659137614       0.837493786831535     
   10.5497635804178        1.55389638628374        1.04001537746180     
   11.7416243449738        1.90592611630984       0.936153820120212     
   13.0681357176937        2.05541883150633       0.658949879120538     
   14.5445098666579        1.84938774819200       0.472833895618760     
   16.1876775564007        1.67338107712770       0.620685878645376     
   18.0164823065441        1.66983227800676       0.875178944116552     
   20.0518964855259        1.86498414396657        1.07286779884312     
   22.3172618175414        2.05616135790001        1.12469172158440     
   24.8385570607850        2.21754082854579        1.14101311989720     
   27.6446959266726        2.36445773439109        1.13071026227585     
   30.7678586565220        2.50151725157333        1.11480709010194     
   34.2438610581476        2.62183028541653        1.08339513052540     
   38.1125652344073        2.72499430877220        1.04953446626394     
   42.4183367138545        2.83875397449200        1.01180467778554     
   47.2105532257783        2.94139215073585       0.958218917685613     
   52.5441709541636        3.03242622980569       0.896747341816620     
   58.4803547642573        3.10980839871206       0.829293634882786     
   65.0871796290546        3.17465841676101       0.759101412587534     
   72.4404112995229        3.22607794894888       0.689411909168098     
   80.6243751711365        3.26673802491122       0.622953653298330     
   89.7329233107071        3.29830831162892       0.561075823686610     
   99.8705107331839        3.32176250876828       0.504292713627548     
   111.153393270950        3.34090997543798       0.452742722912119     
   123.710960772540        3.35572341479176       0.406221729257666     
   137.687220919640        3.36685439431114       0.364445629407557     
   153.242450678484        3.37556734780262       0.326905642611164     
   170.555034324161        3.38256117970909       0.293247681702848     
   189.823509115937        3.38783413450136       0.263138414161677     
   211.268842082979        3.39198658546826       0.236172560268999     
   235.136964030212        3.39537907691510       0.212014205193375     
   261.701589823782        3.39816760031466       0.190345344348652     
   291.267357298598        3.40045754706275       0.170900189385861     
   324.173320784310        3.40203111044183       0.153474672589806     
   360.796839312804        3.40324511632963       0.137832650358808     
   401.557904096374        3.40467479184591       0.123742997418920     
   446.923954903256        3.40540470955412       0.111140188662715     
   497.415240563737        3.40600000000000        9.98569518872526D-002
   553.610785080067        3.40676400605472        8.97058972731212D-002
   616.155027758334        3.40740000000000        8.05846261097470D-002
   685.765213510006        3.40792342441301        7.23941088837974D-002
   763.239618073639        3.40810000000000        6.50369688433680D-002
   849.466702481980        3.40810000000000        5.84281344067948D-002
   945.435301756029        3.40810000000000        5.24911256213280D-002
   1052.24596466802        3.41426951576016        4.73894400911488D-002
   1171.12357461543        3.42853482895385        4.23050447136981D-002
   1303.43139633966        3.43200000000000        3.82394274535046D-002
   1450.68670957448        3.43200000000000        3.42095403813117D-002
   1614.57820890761        3.43200000000000        3.09786258097370D-002
   1796.98536939376        3.43200000000000        2.79835002345545D-002
   2000.00000000000        3.43200000000000        2.46500000000000D-002
